Iteration	Y	var_1	var_2
1.0	12.44482128688111	4.969642722664064	1.3234824797883185
2.0	57.999151757931386	0.8593430749902824	11.187556757194324
3.0	17.836097259138196	5.115237335456921	3.2568850048956968
4.0	27.10992417384051	6.413421864254822	3.8611742747863076
5.0	2.2757609471357183	3.3121872049298133	3.4642377275990155
6.0	13.498269667463255	7.522359780562514	1.9477672835980648
7.0	33.372966837445894	0.183913403108944	1.9789972052298568
8.0	14.290096973084337	7.662753714343072	2.959834042134929
9.0	8.826952823621136	8.411820189132756	3.7304409253012043
10.0	8.018301053772536	8.275466951312637	3.0714088268275557
11.0	99.315002802844	9.448650182522819	12.44078119527597
12.0	12.69983361122482	-2.584519137688014	7.682350027036934
13.0	128.16416039395705	-3.5060776204860185	1.8926695031494016
14.0	1.0238297000840557	-2.9066775168005914	11.11573147090738
15.0	4.140964314733366	-3.9360261039298168	13.333511640816944
16.0	6.226426640274941	-2.4546885270666117	12.595892868983023
17.0	5.293620712096261	2.3610221252824886	1.5077849688300968
18.0	18.32457752535599	-0.6520569118250501	7.924849202603194
19.0	19.732017404191495	0.13107833900881083	6.254336366537387
20.0	4.004404505459819	-2.5958955114624542	9.514762046370787
21.0	4.520224073445487	2.4139647779284266	4.211089969302763
22.0	1.0337061045262619	9.58907260022973	1.9053734106743905
23.0	4.198269403247609	9.101520702853364	4.033253749270842
24.0	41.6170764483847	-4.156219798582249	8.789454978521807
25.0	136.63028417588492	4.700569110643778	12.631242730361805
26.0	4.5182456066848395	4.082364143716344	2.0745600966257625
27.0	26.578969271148427	4.792455499987753	5.315934788897206
28.0	52.88968818997252	5.889322046773911	6.940407767416929
29.0	21.979836438623565	0.5832138645124676	3.124500849605751
30.0	7.214637550233074	-4.2674153545710345	13.983449248261275
31.0	2.121483585944935	8.826721572877105	2.2554203495948864
32.0	9.12197875110084	-3.306240743658267	9.742598590238067
33.0	23.025833625529373	0.7640678608042792	7.327734683749076
34.0	2.85844963241738	3.8440812866549265	1.3583198459086305
35.0	3.631760295009123	2.974666195794546	4.169575353228904
36.0	6.427921047027125	2.258550770526898	4.6528959584697045
37.0	56.099084652128184	-0.5805038870647206	13.137517199453812
38.0	4.138505137210459	8.53409395027859	1.4053587054341101
39.0	6.789564787903471	-3.426250953328836	10.519005545315853
40.0	34.2440177676667	8.420112825496892	7.179588383771616
41.0	11.928378769611435	-1.5567622253694098	7.4514805122647925
42.0	11.072879340340464	1.8342538933122814	5.40569499093778
43.0	9.696142196300212	3.674352641254144	4.718862236694755
44.0	12.788762974405683	1.5387855742462149	2.2815774884517372
45.0	11.351929083167857	4.311447415314664	3.7976805722751967
46.0	7.281585225245172	-1.9032437314096495	10.141498490379858
47.0	2.694703753888118	-3.846367290225281	14.128751810938438
48.0	7.685091970809133	-3.350860904598918	10.123181223770645
49.0	11.361767055338479	-1.4527221367075227	8.10446249678126
50.0	10.231883217208201	1.7806655044143707	5.069688868404648
51.0	12.446752773146125	-4.604662334386915	14.202386167658037
52.0	9.005071738748729	-2.627793380167568	8.360026370672081
53.0	8.403768523899876	8.021113376682717	1.5119590622977375
54.0	12.421075260414874	7.604326049042996	1.1469002977688063
55.0	3.0738912464441714	-3.7937139205366295	14.737160923317125
56.0	6.284773170561635	2.391157597736921	1.1142803983219907
57.0	10.499893499757416	3.973950446318133	4.354205513814568
58.0	5.534915818115018	-2.05663689512125	9.683130365299194
59.0	2.291399809528988	9.37057596342096	3.8005751416810156
60.0	4.597426555821233	2.2286759666662714	2.4101066878172306
61.0	11.327982755630938	4.805129057178517	1.9975631118877584
62.0	9.704306141650411	1.9288466081922468	1.6588121312764317
63.0	7.565282432585151	-1.9310056707059582	10.529538277150127
64.0	10.03810446281906	9.127619087183113	5.272090494489339
65.0	9.088020735220221	-1.681433745681391	9.426295417475096
66.0	8.182018085356669	1.8956642153628014	2.3305602141703474
67.0	15.405937150119886	-1.1261391565900682	9.085562799948603
68.0	6.244863135190911	3.9877256469991735	3.323156081284218
69.0	4.39774001679559	2.7189729406756395	4.403899201804032
70.0	6.9960961988374315	1.9472302787502898	2.665530366665629
71.0	11.75756643131026	1.916472592762843	1.1857726842745957
72.0	12.033557766085579	4.503571023673416	3.458502652180237
73.0	10.888396294642398	-4.49486002493727	14.043137121833114
74.0	4.38985414718014	3.8604524211815416	3.052364671544121
75.0	6.989251803199389	-1.9467717713254555	10.305586606561985
76.0	10.108214909160402	-2.772160277864231	8.394398527332687
77.0	5.941733621127674	2.1193700596753953	2.2330365953433127
78.0	13.095461617245132	8.07497101471832	3.8521747476027173
79.0	5.538622093465913	2.24080390835928	1.856971988858937
80.0	7.147458041313029	8.296368832753949	2.8093068686265275
81.0	10.884261939750033	-4.385798093138723	13.473933728248088
82.0	9.127305314345765	-2.075170578082503	7.918012393839423
83.0	4.702347253168048	4.07444844112678	1.0112229551091303
84.0	12.903699522790436	7.552874765106109	1.5851691858725903
85.0	3.6909730324283156	3.818722390558804	2.8899614742302844
86.0	11.444666966415298	1.462301087535426	3.31257589544097
87.0	13.138521710542935	1.3125476096870772	4.961980297176756
88.0	12.48888249245659	1.4344427807480509	2.894868321279085
89.0	10.322528719869116	4.345710295269706	3.463635516250032
90.0	11.721808227133815	4.662202916480183	2.87226413965677
91.0	25.10149626904301	9.385709764711736	7.411777704146591
92.0	7.700333398732953	-2.050746540204643	8.346348157078449
93.0	5.716197532879162	2.6786048076768543	4.739189394391485
94.0	7.202418802727504	-3.6309385008105934	11.09917144046018
95.0	6.601957206485465	2.7123491358410927	4.942875104006289
96.0	5.247900802056599	2.304753202950012	1.72212179722762
97.0	5.564860492075996	-2.842225184559432	9.389994234592564
98.0	14.899666749371104	-3.988583155974856	11.047816347184698
99.0	6.321228375880328	3.316272305955348	4.546300797929373
100.0	12.204833564150599	-1.481950126955272	9.805427158363571
101.0	6.06851240092963	2.0565508669363624	2.5306363335863624
102.0	9.044543021485762	-1.6704934030577645	9.035308847960598
103.0	14.811870013296684	4.256086760300773	4.5734468777400155
104.0	12.577542973856445	-4.635787696975646	14.334340061156947
105.0	8.370311021661049	-1.8678625118464849	8.336768359567785
106.0	10.56778252312305	-1.9417544234986095	7.565355917629599
107.0	5.964945203052431	-4.1722940147839624	13.939250921826694
108.0	12.550280704299063	4.914663190701223	2.0865689545545103
109.0	7.879147973418052	8.076992791531826	1.6258893188915553
110.0	12.034445393102935	-2.5598503749954378	7.749364095215476
111.0	13.739468111535206	1.2240788771714053	3.555057369281752
112.0	9.466430986152885	1.7001417926314577	4.507165058705988
113.0	12.225325771167995	8.017051114904453	3.488860657598165
114.0	2.639123393742068	9.096228106046329	3.526199874492577
115.0	5.061572430923934	2.111139078491516	3.2502296075722565
116.0	6.972637020663122	2.3352565471010696	4.890113700966253
117.0	8.905020340349468	-1.7749823260284043	10.155037176374044
118.0	13.538020612872433	4.091266093863842	4.671817258557375
119.0	13.67783357789953	7.463201212263257	1.1749934429830622
120.0	11.582199824630715	3.6013383702418	5.135520245579443
121.0	3.2766899521065342	9.587739148511284	4.274682401505207
122.0	9.689677490105336	-1.7742978462243766	10.507390175314978
123.0	11.88199171865888	1.6291679062196192	5.31272117883065
124.0	13.684725743101044	-1.377235009479218	7.081349286570168
125.0	8.109210905747485	2.85963859258716	5.212952500557559
126.0	6.566921294763821	4.284233058566368	2.2966513342595185
127.0	4.831081474820748	8.535454041566366	2.7649898728517845
128.0	6.885431798633533	2.0059096062165978	4.2931327154805965
129.0	12.371586984321867	1.3553903846780653	4.645123524724079
130.0	8.031800689917413	4.3528601176420505	2.707411922875088
131.0	12.761660409824458	-1.3066473953800268	7.795509926515114
132.0	14.390529300722516	4.148341389836805	4.706897652546801
133.0	9.518981191741982	7.9595743913099515	2.2451112598452765
134.0	2.756043224815155	-3.526853838742592	14.50625458399684
135.0	4.41657108413821	4.052410375656125	1.1208378776899488
136.0	13.231978018879273	7.510762987646801	1.3077215177276367
137.0	13.450179614423185	-1.5841098295829048	6.953801420378467
138.0	8.99125618945528	-2.879898917439049	14.530077265102278
139.0	13.179633494952302	-1.297807724090942	7.5144745057994635
140.0	13.708888946597828	1.7598333113268252	5.947255933302107
141.0	4.6639546329053845	2.2145854079913487	3.7627333190951706
142.0	12.691888608637269	1.5274462851555235	5.378957643483683
143.0	6.603252530864266	2.2487331677476377	1.4539271470831447
144.0	8.470869579271996	1.856987227465349	4.5769830091582
145.0	7.768136962166117	-3.356098587427541	10.122470255926737
146.0	6.84266540035433	2.18916907313677	1.582811399598668
147.0	13.40470521515622	-2.0930537349847507	7.034517856282582
148.0	12.643995405409267	1.2931746138276088	4.046744268370553
149.0	10.790563031418403	2.6910481697554482	5.7241446942570855
150.0	9.590404397278744	-2.906994643759648	14.706540596170736
151.0	13.130503995229157	8.232670754485689	4.237672060911742
152.0	6.518175399911277	-1.9687365976670272	9.144980628819132
153.0	13.360189466441328	3.1057149294619926	5.90260732126018
154.0	12.605895607742717	4.9867052683499455	1.345085169312274
155.0	5.361795755433171	8.388344114977672	2.2415908336400805
156.0	8.265645883378678	3.4203555928690843	4.8057232813707405
157.0	14.665838558296866	-1.0708122722348885	7.602428853466403
158.0	11.526854279459496	1.4332596952718681	4.442934457261993
159.0	8.04535375808658	9.360028287912675	5.182688704392028
160.0	9.517937682008572	-2.1699796665498	12.283021772287663
161.0	12.254262865756973	1.7615816459971931	5.615927806771923
162.0	8.015696934353484	2.108091999660873	1.5071878454445036
163.0	7.347099151617777	4.037377569592909	3.5096981488483943
164.0	8.11568303232289	1.7908517553271412	3.1040112584970476
165.0	8.311445998346759	8.045674310832519	1.9326942877293682
166.0	7.494637033413405	-2.8860815515356575	14.27418466717732
167.0	11.405174403340348	4.66410705759278	2.754077725428964
168.0	6.368257123551552	-4.278170825580722	14.534698417222991
169.0	6.041572929779546	-2.603431400803291	8.948708825251138
170.0	6.232243851098644	8.302146201846382	2.3177093455659663
171.0	10.53366442980886	-3.1760967399960998	9.17529958101139
172.0	11.53978111945572	-4.667456750020064	14.83884069645724
173.0	13.380718844186212	-2.149275592391385	12.955234339199531
174.0	4.882616301636537	2.4046046091767384	1.5081971349859635
175.0	6.885710420593219	8.727512872307235	4.010401520865502
176.0	7.216282621642691	2.1338550187601015	1.6618390879468243
177.0	12.703891440459845	7.57826767856886	1.0581138061544286
178.0	8.153302050273448	4.510187157739605	1.16389000357911
179.0	6.65542576895558	4.192513369569433	2.792043730478853
180.0	8.342438844150303	-1.7850529477440236	9.872353537601422
181.0	10.844018614152834	7.823083205914713	2.195198216771008
182.0	7.104297176451714	8.212173932872473	2.328116818916181
183.0	8.076695486049394	3.836103110089594	4.131208802930613
184.0	7.8060321062964135	-1.8701949287079298	10.227179524470994
185.0	11.09002667606318	-3.051508659240671	8.79563021704972
186.0	15.21263195824018	-2.322426075263956	13.823667005572588
187.0	6.817669646613253	2.031287323962939	4.341643014134518
188.0	9.636555962053396	-2.541330508281499	8.129409696579103
189.0	9.684377344764883	-3.335148087542672	9.727188453003311
190.0	7.7877859127078555	3.721431875757064	4.278799513071616
191.0	8.503578179284675	1.8093832942959835	2.6640945495905397
192.0	9.768777034702818	-2.0644981059208565	11.914602007076573
193.0	7.609224203105811	2.1773256049403305	4.902846944637531
194.0	5.8734083678037265	-2.1933812028430926	11.325942448241781
195.0	13.530226737045455	1.4123286748293795	2.590395935762003
196.0	4.708167586213331	4.094683877962224	1.1300503840705525
197.0	13.516429366631066	8.603605272504439	5.041021574918695
198.0	4.67045382913528	2.4862249849931572	1.330541334731356
199.0	12.841962205846006	1.270665852850895	4.24235127550693
200.0	14.936743600613038	3.7836134331345033	5.381005363274321
201.0	8.501913448396161	3.385504727202836	4.888860762575743
202.0	7.690045950193689	4.455983328551072	1.1193159785155231
203.0	7.702019662869558	4.127167088659858	3.365679026117216
204.0	8.061601151124652	8.561230948615536	3.916686012536005
205.0	7.038862078043731	-3.0734914910998397	14.68462246918627
