Iteration	Y	var_1	var_2
1.0	9.823056059711565	4.344946772707921	3.3326030364099104
2.0	66.85364868652985	4.228083928859752	9.411172542172373
3.0	134.71707724550532	5.388957930738899	12.070019197281669
4.0	0.7194976043031787	9.503231081808078	2.0015319668906315
5.0	110.04088915149653	5.723057927435127	10.709468202308699
6.0	18.18618563724893	-0.6723356780880545	7.949298150322738
7.0	13.672890406711392	-1.2307587149355337	8.840332517195105
8.0	1.9746871425612333	9.94931566113385	3.487651069316211
9.0	25.814476628247967	-0.0349102712935494	3.562084052408107
10.0	6.281388316220051	-1.9691376739881905	9.557740040520093
11.0	23.38386142115883	6.7603627609394525	3.3478641823785846
12.0	24.452639810550828	8.306351250847785	6.011707800113917
13.0	6.283514819852407	-1.9795689373591507	9.340280568360232
14.0	55.25452773182271	-1.4116774431704258	1.8910977721130096
15.0	19.35159432613423	-2.243092253598854	6.3044159630913175
16.0	117.63339003111878	-3.666033013832531	2.8031095395039682
17.0	47.39744879451687	-3.565974718550544	6.524941468140077
18.0	38.05767021003516	-3.33719122127023	6.628192270277183
19.0	81.71624691540762	7.073649459286942	9.265719500101158
20.0	23.734963365607886	-3.6329125572517516	8.775123663926404
21.0	38.90691250216977	-4.08830754289472	8.79077089924624
22.0	52.04486266115837	6.893143588660569	7.013355786378426
23.0	43.571427808684476	-4.4528163641470915	9.645295280071716
24.0	37.1241139719255	7.901861972379022	6.742020015329302
25.0	38.78852050988516	-4.062389286090015	8.715284883230822
26.0	46.68330465047236	7.379243965787866	6.972876152343055
27.0	12.91004527807019	4.791100957015177	2.8081110527173054
28.0	37.43777789480842	8.056891411074313	6.9825453069431624
29.0	14.291715756445546	-2.977595724057384	8.174230123942351
30.0	6.028654138753759	-3.021200382674936	9.629307968377155
31.0	3.433475184539665	-2.9563409528578872	10.13973957560954
32.0	29.00456740017615	6.728845714223288	4.355481859278724
33.0	28.188928277900363	7.589891952758247	5.32228549505769
34.0	25.98673720541378	7.660710096060923	5.149630664423119
35.0	1.9665620811923894	-2.809030659004393	10.469000206023923
36.0	79.33453650909688	-3.0186398711922435	3.1009183362885646
37.0	24.70326072665851	7.410671801234447	4.553511480490846
38.0	37.22894331101101	6.613331477103879	5.384330500097573
39.0	23.109964011299162	7.913211988971275	5.1935547030714275
40.0	31.784463956713278	7.843437439407429	6.120673799489218
41.0	30.225936474939164	8.350573925373741	6.697983322795351
42.0	12.282359893083548	-3.4352685540145487	9.60467877213426
43.0	17.220210562905585	-1.397869441785471	10.836873084953025
44.0	21.54423409313751	-1.4772063126641894	11.8959016185026
45.0	50.910249751625045	-0.5747781205075899	12.689051957447521
46.0	15.166605900041315	-1.7593736403354172	11.839445379853315
47.0	21.656615744221902	5.957093013531864	2.7035200037736775
48.0	11.995895528169436	-1.7507246897984867	11.109567150841897
49.0	71.71855729286104	-0.23616951340781878	13.62069000479967
50.0	2.043200408347598	-2.5570256467983974	11.139884624056055
51.0	22.44423174817978	5.826612141011363	3.068330358721954
52.0	27.79551231841362	6.356871754169644	3.9700063343511953
53.0	18.139286815910772	-1.733184336329451	12.259660775480947
54.0	24.333277403040498	5.962423045889553	3.3880140262580323
55.0	21.565424359939698	6.678130202180974	2.7766512488440593
56.0	13.92142948769374	7.864932802903793	3.4801929896430392
57.0	0.9650014154820674	-2.7965955858089577	11.424886203512843
58.0	20.956759718811213	6.6304456024885	2.515088076449003
59.0	26.6698626302949	6.680989787294518	3.9290926916118134
60.0	31.843493588414375	6.293898551741336	4.599203075362104
61.0	12.53461287189325	8.058858338441281	3.6823624539887767
62.0	29.682237296733973	7.34871527843443	5.158012161685857
63.0	21.730050942881384	7.875730955994765	4.933597827899637
64.0	10.867802746298118	-1.5555712022323949	9.637848636742216
65.0	18.957209363749353	7.986519690796415	4.726860433553759
66.0	54.58271402848052	-3.8369920146089562	6.800687113838874
67.0	7.367296082646667	-2.8231337888800647	8.975886856987545
68.0	1.650995678119651	-2.6263400127633862	10.990713297360331
69.0	39.75072547844503	-0.8942514485695501	12.398802082481623
70.0	23.662402556230848	-1.087260845784753	10.916006868366718
71.0	30.41472856258922	-0.9106363620404982	11.367788249794721
72.0	18.451267421053164	-1.446204917855506	11.26596829387899
73.0	40.63609872080585	-0.7287525477152466	12.073333629765365
74.0	20.206018215485873	7.41797374367478	3.7825614934905567
75.0	6.947154947053889	-2.1224084755678625	11.366702031152473
76.0	22.73032056823338	6.66310937010592	3.083406963618682
77.0	46.88493063253581	-0.6327566084668055	12.457099426200667
78.0	21.930470273276146	7.4841351730780055	4.233082195199373
79.0	4.032593895249654	-2.2917542025407105	10.935025772127823
80.0	23.318521624624402	6.595857095282332	3.1675678399987253
81.0	25.279956165909205	5.738265003608857	3.779685345437386
82.0	16.53993388511762	-1.9563199597228786	12.794018160727692
83.0	38.69042773066066	-0.9892094369670881	12.53974394270784
84.0	26.528206116698517	6.486344889152058	3.7808005371768
85.0	27.93783004142601	-1.2650059978432768	12.099110584695628
86.0	19.757731233672885	7.314359403564316	3.4665600291849934
87.0	17.188212150543706	7.4986607362939335	3.29110540032955
88.0	5.040962690093349	-2.2050219381948573	10.992340841022298
89.0	33.274560533419375	-0.7911889331561159	11.405089096491867
90.0	29.857733998378933	6.668184793518403	4.441767144351738
91.0	29.210226947220953	6.85464140756477	4.497104581006152
92.0	28.09744545212086	5.967154030419465	4.0979829299776105
93.0	27.75851981435428	-1.0241673805970826	11.338644864590034
94.0	21.014488187922517	-1.1438861842927195	10.642628796047811
95.0	35.22767687781824	-0.6579884618276548	11.301991219762215
96.0	29.10055739386302	5.870662803898705	4.318828467032263
97.0	6.449075962121511	8.370440847547288	2.8204138388218283
98.0	2.3692579394867286	-2.4897413046903445	10.712613665566401
99.0	20.313577243146373	7.2145660374780505	3.3826778368053496
100.0	29.746609732505636	6.830129400551279	4.553888788350181
101.0	16.32390988694259	7.74267222518619	3.7145155846412363
102.0	15.597992254989334	8.105161310879103	4.412533279822009
103.0	2.452681734802706	-2.634433189737458	10.169535572027904
104.0	15.695975763792806	-1.5622090441884833	11.170894299851154
105.0	37.28325193932058	-0.40205894570486755	10.955757790940753
106.0	12.068573896981261	-1.833669525795397	11.489029995782186
107.0	38.499648910858895	-0.8489192680346234	12.151065448473133
108.0	26.82352026962391	6.38470438411548	3.8010133670272808
109.0	21.909266552142956	-1.7581708272150243	12.89862027347059
110.0	29.116502826291487	-1.54515233268965	13.111608864322463
111.0	28.445670492039927	5.62999881494426	4.423723437917446
112.0	23.852931560384047	6.41955022530199	3.1899994943298378
113.0	20.795267728152	-1.421129728924181	11.582686029902387
114.0	22.86560706827444	6.721286428996132	3.1808782728309124
115.0	32.29903814275326	-0.6188293273587426	10.839307468228357
116.0	27.577179855645632	-0.9894145408012696	11.208857595257172
117.0	27.805885207360213	6.76621137232604	4.195485735785687
118.0	14.089849321590362	-1.9269482778375826	12.273749039472134
119.0	22.50049482473393	6.772806304795312	3.1531742080076057
120.0	36.63966622071853	-1.1815860607078577	12.856334686143018
121.0	28.440792896050862	-1.083492967672611	11.61034370489053
122.0	23.623645041732026	6.366468030261073	3.1172037054019808
123.0	19.52191241521519	7.24547256084683	3.2584668237365513
124.0	30.139343031822435	6.700234856771635	4.506240646325724
125.0	24.77098731667307	7.0168651395355255	3.9568294681144223
126.0	23.988247275433107	7.220376373592728	4.12483877281689
127.0	5.833276050056884	-2.1169024237052305	10.853750596936345
128.0	22.647786692487415	6.851518775387765	3.294093724133278
129.0	13.395124569074948	7.838998085541775	3.2653450821560774
130.0	0.7283897228208254	-2.879217799918696	11.60990822396938
131.0	18.499130778788064	5.2801063942584765	3.024521243203805
132.0	23.59878654831621	6.499420399400776	3.167256928871862
133.0	38.79874391626457	-0.8028623776119224	12.065173876007515
134.0	16.21137800720149	-1.8278252650172435	12.282154215760334
135.0	34.94367974623516	-1.0078079386561627	12.187026046907562
136.0	28.794422117494562	6.536010891896085	4.198117309807133
137.0	25.435188721399214	6.783878127537552	3.796291049500411
138.0	25.4468080020828	-1.4743871115210356	12.438224514122398
139.0	21.855046655166234	-1.3852939347447424	11.628210070715792
140.0	27.107751288146336	-1.2188755656275205	11.846375622641037
141.0	18.5078495307365	-1.5185989827884794	11.544485011025987
142.0	32.34184028092949	-1.3421669529737459	12.859450998537053
143.0	19.895661871198612	-1.8882414297650696	13.05649529985567
144.0	24.87654465915515	5.85123414144055	3.5915593903920677
145.0	40.872523969108656	-0.6219818458931865	11.842874150879114
146.0	28.99208520378177	6.143633732590203	4.177573680334865
147.0	28.775063616924683	5.785221012475565	4.331624340079899
148.0	25.36149881747579	5.888750755711255	3.65640440771827
149.0	1.7275904115555072	8.893431285501588	1.9870039733030456
150.0	4.757140119216344	2.16304644365818	3.5043507804182985
151.0	23.953494330539776	9.762281922179042	7.571687012689305
152.0	4.307888366236818	-3.1405567019084684	14.249881443975196
153.0	7.743135687339441	-4.147726025292308	13.126248124113005
154.0	4.399655561038848	-2.389393896358385	9.352521253266959
155.0	18.503042196391412	5.798473079672695	1.0312218681994734
156.0	17.206303132863304	0.7655587136520285	4.325099154810676
157.0	2.7900790772140027	-3.412983168715727	14.365277876013739
158.0	14.249063012230856	-1.954422904326707	6.803480260394518
159.0	10.329826217115526	1.6010085369431328	2.995718596326626
160.0	20.97227672901963	-0.8385740648862097	5.291691409268879
161.0	9.419902561169256	4.646918919292162	1.6131177393729763
162.0	133.26721046910757	9.806670158014082	14.31282628707296
163.0	7.780327442338658	3.1195315802053276	5.0089020042106025
164.0	15.111569557304055	5.272866379840016	1.1149902193127468
165.0	12.85047026451386	-1.6217427496219146	10.74826215564527
166.0	13.227882623621678	7.650676362441276	2.520512000863076
167.0	20.365513762484227	0.7777207604197143	6.717553009887338
168.0	13.656632742738738	4.797960694137526	3.02172356403699
169.0	12.790379835960186	-2.647850173511768	14.473367402811785
170.0	15.718134685860194	1.0886383002157105	3.2954416927321835
171.0	4.232446198118032	9.236078383677738	4.234614816308095
172.0	16.317228702928023	7.413193638146032	2.791050065580426
173.0	1.861260230061637	9.005388756915275	1.3494565385913808
174.0	5.328380475158345	2.2022315998232926	4.119832655088551
175.0	15.953440735590425	1.4607536103560568	1.7374399383334107
176.0	5.458152050045544	8.37221507290875	2.1934293189886995
177.0	10.412809509688282	-1.5548926320932246	8.277009977306733
178.0	5.944326621498353	2.9639499997543686	4.740398054587039
179.0	12.629790352231385	2.428904150846903	6.042014885859609
180.0	11.910698464862264	7.903127711908487	3.034079358419702
181.0	4.894225798900402	2.1316421161109016	3.1542060169435944
182.0	13.16521890952015	5.045997914450094	1.1135843197568986
183.0	7.688539195269038	8.110843961968609	1.9473658862031247
184.0	5.055513138724918	9.96821091068098	1.16203629411066
185.0	9.738538913083932	1.7055244073010982	2.647294510890876
186.0	8.957470096089596	3.482599711640269	4.8536920819520715
187.0	2.973989091090175	-3.87959967849695	14.397782162188184
188.0	13.278347711512616	-4.424071340900308	13.118333499269362
189.0	5.888215599750847	-2.046239017735446	9.265234990549072
190.0	2.5724689551618303	3.7948864440387773	2.264925079634483
191.0	10.24634761353253	-4.347458076310497	13.444274095561802
192.0	9.5572357312952	1.7424824135013344	4.713382817264285
193.0	11.435940964540176	-2.304404203796614	7.549105409788385
194.0	6.187601202598536	-3.9092161129474663	12.436095895139767
195.0	12.690068001856798	-2.058091309214785	7.142048973187875
196.0	10.331637445496032	4.719727293290825	1.877064934660086
197.0	7.296358216703643	-3.05158739107883	14.678826875758563
198.0	15.396916839729036	-0.9907193102711735	7.3373652676958985
199.0	11.956995896645191	-1.3656410750612387	8.38505836230355
200.0	6.475284629953274	8.923028802416498	4.296494858695559
201.0	10.003083464226133	1.774667012309835	4.977788657428807
202.0	12.652953085436131	-1.6317999778406622	7.141536457351778
203.0	18.086910467731965	-1.493936004312654	5.954975355660915
204.0	11.34364166534154	1.4380298122130704	4.2477899905267975
205.0	2.9555104305435904	8.861768872122383	1.0039443275527766
