Iteration	Y	var_1	var_2
1.0	71.09962477394085	3.0443402441974357	10.757799053593633
2.0	49.35182519361507	-0.800624301116839	13.072481733040524
3.0	36.96026333707441	-0.9549204109824379	12.265061723853416
4.0	19.434892194586986	-2.291353455893457	14.296255967099805
5.0	15.930908119037799	7.206240836542616	1.6097542103608113
6.0	69.06932061212865	7.694340965647093	8.987877388164124
7.0	7.605148387721965	-2.900986972974237	14.336860362187995
8.0	2.689867889854182	3.014077717842863	3.8645028462986826
9.0	18.445545864844636	3.9796952714877847	5.568063759065985
10.0	1.9519250269576371	-3.5545164818223594	12.42509355747723
11.0	34.44230723222758	-4.8999473770942545	12.140761638802232
12.0	8.934443546627374	3.545437561140936	4.767545932754032
13.0	55.65280327372724	-1.9635194732613166	2.5997373486532167
14.0	48.21238695220309	-1.3495559984882637	14.391937636123872
15.0	35.625859698313235	5.798868669847437	5.25349090283412
16.0	1.089298680334263	-2.9830345490452803	12.652815072632086
17.0	13.345289593110992	4.732848543506293	3.135651352198172
18.0	28.768296790333665	5.925379136590671	4.231538991248411
19.0	22.998528745527114	5.055263170060552	4.3814522771694175
20.0	32.806328363037245	5.969329162285041	4.80047457681369
21.0	26.023866758619487	5.799798668126666	3.857408435081088
22.0	31.15075340463165	-1.2608102092558484	12.480684098240094
23.0	13.095182348846116	4.278818377349994	4.225245021570387
24.0	37.80044935213557	6.544837094483814	5.421258559515917
25.0	14.43104566392746	-1.770081003324747	11.738268972077979
26.0	83.27726111987938	-2.8045411805504767	2.405570892631234
27.0	68.927484454282	-4.001462707375817	6.3627586774848375
28.0	31.868999554826377	5.8665760947317285	4.726921088645276
29.0	18.73518608918001	-1.8971673322967626	12.921508124342528
30.0	43.47905212325982	6.225012622337005	5.986650732428009
31.0	38.65763746951415	7.1268431862189185	5.938419312489634
32.0	32.10594669726596	-3.874845353066192	8.699206458631927
33.0	38.19608259166805	-4.019409409403475	8.624948902670361
34.0	36.70174724543243	7.745029031109288	6.487934727636624
35.0	33.18982931899561	8.358602522401357	6.998131096128274
36.0	39.72871138439322	-4.185680961646071	9.04661994311551
37.0	26.917631953390778	-4.276216642958531	10.588314587290533
38.0	25.297311520711062	-4.071931979357382	10.03623028427193
39.0	63.5250875490414	-4.508135616223127	8.35237190142444
40.0	39.353658957629	6.099430236023748	5.56093410886189
41.0	39.865856100402425	6.320064224557704	5.603601517645828
42.0	10.49706804563656	-3.842410579061932	11.22337713372985
43.0	69.44162036296284	-4.6418531505858605	8.41764909992259
44.0	132.42674087299017	5.678561073170673	11.82970588404524
45.0	1.7902040374107582	3.681775685235893	1.7329497425514249
46.0	34.34481098030574	7.077651795739634	5.404081014545636
47.0	39.795125901589046	6.670886034573357	5.7040312338421995
48.0	3.864218598651906	-2.848243082932517	9.832946879743691
49.0	19.082695041515613	5.349618434327754	3.0185530187387366
50.0	30.13154502829316	6.254749952064273	4.344706086495021
51.0	2.4186410289933464	-2.544032110080219	11.482382858573223
52.0	80.05565027613338	0.49360920827839827	13.094423558219663
53.0	33.311341586359745	6.802569156007717	5.021201144499344
54.0	37.125065455027666	7.022060769411702	5.669191623202189
55.0	31.50925883861023	6.656732609504509	4.675240175601807
56.0	27.271484509306234	7.1496866249175675	4.5493543621535375
57.0	1.0893972644144156	-3.1837755406702772	11.550186559883517
58.0	37.24095501144585	-0.9015504350393613	12.153305226935531
59.0	42.19151137162972	-1.188498790621483	13.422808282982905
60.0	21.213922494484585	6.944813480018164	3.0849451849260365
61.0	0.42711731121590546	-3.2095867329177836	12.522921634658712
62.0	18.17720395014803	5.494829779638575	2.341615412421949
63.0	23.179283977628895	5.823282586244696	3.251579839816647
64.0	27.940830922410477	-0.8939786780323793	10.979586844151855
65.0	17.958520813431743	-1.8193746340275325	12.535855962912606
66.0	66.4290759179847	-0.11955282829364577	13.040149750239545
67.0	30.63927082030048	6.393415767095398	4.436059608762556
68.0	6.390894552996679	-2.325149808247912	12.121383347522308
69.0	26.59811684369411	6.294010677477196	3.745462143636363
70.0	25.467227582600902	6.010420966487549	3.594943094917598
71.0	21.22194555307264	-1.3192804129623426	11.296454906899418
72.0	23.45163060942281	-1.6967698095526638	12.901001508702073
73.0	20.91110274582497	5.7712109405564345	2.711360031365656
74.0	27.46536206827901	5.5484929145699144	4.3619685529008585
75.0	24.55729954016907	-1.7776235618980567	13.302997393544613
76.0	29.965177052352757	5.735060341645367	4.552071060512662
77.0	21.828899113084947	6.912745559653219	3.1880806729101403
78.0	21.86827418320206	7.066713648452383	3.4549981084858787
79.0	32.787629356061956	6.950117796003976	5.082922570294629
80.0	20.818907378067124	-1.5008415127415287	11.865206753687154
81.0	33.3979119432449	-0.8003360146504717	11.444353890623168
82.0	9.695750119518326	-2.1889414138717376	12.396349721890862
83.0	65.31830781640946	-0.19671040448980914	13.093128378212425
84.0	33.27956238120891	6.104484188306516	4.817356291477198
85.0	13.262475378157166	-1.8806891173186941	11.93824642513408
86.0	24.5871223982832	5.996461005764626	3.4203321308033128
87.0	28.273417106080572	-1.4068509734988015	12.582085175789905
88.0	9.20030075319114	-2.1892239009778978	12.286785915685309
89.0	37.781627021174245	-1.1876273730981026	12.990889757169706
90.0	22.57969652196983	6.0832242171836395	2.8789444007869545
91.0	23.116210551926727	6.318877481254198	2.9775238840548583
92.0	27.22568093835528	6.1388605152333735	3.877197284175474
93.0	30.51562692211008	6.548537150138841	4.47158266562411
94.0	18.19912537842948	-1.4336117815571834	11.171286869035951
95.0	33.73270657596125	-1.39290905552315	13.161523764608619
96.0	26.116736052847536	5.380029649663447	4.3659415380970765
97.0	29.768331331600027	-1.8145711416897603	14.012912646565127
98.0	24.615860766001806	5.6270055484331625	3.7819672193086413
99.0	30.01913844649187	6.881215644415359	4.641371719926768
100.0	18.90288609933547	-1.7038585059463927	12.276924218866569
101.0	24.346822436162785	5.848077526051883	3.4853471956052573
102.0	18.191703381498854	-1.8078036169725569	12.531466161549496
103.0	21.95380692962721	4.990676478882902	4.326886035050412
104.0	24.574074202536565	5.841335917212666	3.538938320766725
105.0	21.551873870941126	6.89780847986777	3.0937315150480917
106.0	10.816931138334347	-2.1313114067778454	12.412346648609123
107.0	31.474073924825365	-1.2567317382311787	12.506241691611393
108.0	34.13299362944031	-1.0932172827303122	12.334973133700075
109.0	22.314173152920727	6.835229604328008	3.19125066174014
110.0	26.869059405627333	5.855768904804375	3.9614428878060703
111.0	14.485381776463953	-1.7762348996827688	11.773082954726249
112.0	24.610418875002246	6.519864222556205	3.4117233259686794
113.0	24.02293004743519	6.083714712011858	3.246163940086487
114.0	22.28084656113321	7.013072484733648	3.4558729899057377
115.0	3.9558635370678523	-2.4470324968611736	11.82290102091855
116.0	26.05984113278621	5.746358987215224	3.9144923517554346
117.0	38.89157155172271	-1.1492108132367553	12.995867857257194
118.0	7.4356122887256735	-2.2684083513856153	12.173421855044223
119.0	65.53913192532123	-0.19550918130763506	13.107267532340645
120.0	23.55471842951215	7.154996772543251	3.9418772487741203
121.0	10.484414101921395	-1.9063765923412275	11.413179489073858
122.0	19.050340642061613	-1.8307652905014944	12.740643121495946
123.0	22.389021693373813	6.050031588702472	2.845085923010773
124.0	32.24320402598891	-1.3140395858332043	12.764679820105243
125.0	24.440783276699232	-1.7532890159455605	13.210420447258517
126.0	12.556598277898832	-1.747533715514522	7.115501115428074
127.0	14.530402765665922	1.9811718467300734	6.245495840904235
128.0	15.126013346462148	1.189093968369387	5.534833840238536
129.0	7.29711270317794	9.080999680833598	4.71769971977632
130.0	10.591405737744912	7.818193301559669	1.951082547760065
131.0	20.641060002768768	0.003404910531522809	4.975267437884061
132.0	6.114696927748664	2.1588808614905695	4.3668185652021245
133.0	17.990353742915616	0.8810507139436483	3.3268632085066336
134.0	14.240073330934678	-1.3064909229573614	6.983938789247171
135.0	3.6259123775883593	-3.9683117548909945	14.70976085694907
136.0	14.591985466976556	1.4065819272572702	5.755407493864355
137.0	14.215286531216915	7.621135831105967	2.787923397256957
138.0	13.470451187618142	4.946717926729477	2.40217316194651
139.0	13.823365155199618	1.171206261599993	4.0169428702076875
140.0	2.6821864048233746	9.976276518435357	3.9072274737261834
141.0	15.565307729108886	0.9678539000082971	4.9273987830996395
142.0	16.292511442986303	-2.207048490866925	6.678087813164311
143.0	14.535776614902833	5.180708652106146	1.670815649363759
144.0	13.154846326063783	2.716246750651706	6.079918516474276
145.0	22.226192089412617	-0.022571583340091017	7.656645452115418
146.0	14.803202557641452	3.7419182713656376	5.420795785109718
147.0	19.20634093460408	4.78011051173935	4.269174866154623
148.0	20.131898247791263	-0.5126780057523392	8.178173038667772
149.0	16.208267234687693	7.1613980972224525	1.5051737137929564
150.0	18.04137772956023	-0.8016897580892843	8.52650542045221
151.0	15.608100059808677	1.5255583473234484	6.147267060346856
152.0	12.996909170484546	-2.5067446481083016	7.525985998826421
153.0	17.7078235588739	4.460500681020015	4.649361394205319
154.0	15.643540344445215	3.7778148287830735	5.487213078507581
155.0	27.28310919670774	0.9959050416148889	1.0700543323052982
156.0	4.397915230720627	8.604933596368554	2.8448374064194293
157.0	14.005298929361354	-1.5549723929359018	10.750173944475925
158.0	16.446929109696853	2.16287695388323	6.597955342968482
159.0	2.3858289639613632	8.895619409222244	1.2434265064316383
160.0	15.164198266037094	4.455374353526507	4.231127259099825
161.0	12.16302891336808	-2.810113738469444	14.845543488658846
162.0	18.286022209467635	-1.2880540487743684	10.632267033045311
163.0	17.699963927870442	9.980822925802384	6.965875791389516
164.0	14.519362850104859	-1.4273194057911267	10.308639679535146
165.0	12.953243705675037	-1.2643907076105747	7.980278673449689
166.0	5.135251918065936	-3.9413272055813047	12.927934883638107
167.0	16.40701410500871	-1.8432316971331608	12.370953609662573
168.0	13.399060663976194	-1.2651578338999112	7.5063592047075485
169.0	15.733729245171766	-4.246311132438972	11.917578735251825
170.0	15.387657457333352	1.3280953601026448	5.869131547035769
171.0	13.373980365580634	-2.4460562455037094	13.944006145567442
172.0	17.377463015314667	-3.5379717891089877	9.218613741197352
173.0	14.573383872417242	2.0953153609654214	6.295386653178863
174.0	17.22010641846063	-1.1306671428891493	9.733579641812264
175.0	15.373331271313354	7.390822456698128	2.3345805256495282
176.0	17.829521459669483	-0.6261854400971121	7.269132574024966
177.0	14.387720906164635	-1.7796474569672567	11.767129208426113
178.0	16.768227625259613	0.8503379512855815	4.081698554878512
179.0	14.183925765636937	-1.219636621505499	9.071851246691505
180.0	14.040302743936357	-1.8950052503727588	6.815480320545065
181.0	13.52832773690831	5.0697212495441235	1.6635888907599499
182.0	15.363417006755597	1.732291897487504	1.0024430138365445
183.0	12.066038537119917	1.4476999035513165	3.024837782319321
184.0	16.62771040600971	1.658478992951542	6.448646092367587
185.0	11.339732695439237	-2.5480510380140435	7.844571770617355
186.0	14.262855060540437	2.644550161330943	6.258676363608558
187.0	16.050530446461384	8.157325829855932	4.599841437144063
188.0	16.70123230231259	2.95086169761868	6.444562765180516
189.0	10.908492845841122	-1.710771156679494	10.600253350924257
190.0	15.845996724848494	7.7067851857336205	3.513709154738171
191.0	17.389663597207033	7.762456091813231	3.9816457854214087
192.0	12.236837221275072	4.566300620808107	3.3326114202913244
193.0	13.162137612784582	4.473563887386522	3.7964560783211914
194.0	16.113054626825427	5.381625809207096	1.5713021542291588
195.0	20.571928795863567	8.094713446179645	5.1678507150863675
196.0	14.565533067605699	-1.089157699370162	8.22951762321184
197.0	14.586854960636735	1.0863505327550635	4.084392981088021
198.0	14.195337159664867	7.417077868966878	1.6659680513493176
199.0	13.790881701831918	7.487071762065819	1.9140175394854504
200.0	16.063309653019026	-1.2534162260930182	9.949027925442854
201.0	15.656307023368754	8.61562292309625	5.381727613216857
202.0	19.38067817108248	-0.5954613516341816	8.189833899906015
203.0	13.82093193673767	-3.5055324609273875	9.589858113336856
204.0	17.569225153941186	1.4889593118827626	1.3119820032272678
205.0	9.80330065017013	-4.115695896235832	12.458490664640955
