Iteration	Y	var_1	var_2
1.0	49.61170274002407	5.447037783967925	6.923490441742453
2.0	74.13577477232346	-0.7079099757443084	14.730698777384617
3.0	12.690819288155588	-1.5972281965369532	10.587616340188086
4.0	31.344048776924012	3.2697215362433685	7.733046620781053
5.0	47.34817648790105	5.792034546783446	6.489645254718107
6.0	33.42174992775206	7.682994948438532	6.065441717439017
7.0	9.444559108434245	-2.88207751320458	8.706188408384813
8.0	38.98231357583677	-0.9988287280346206	12.59553463200928
9.0	29.31712329129997	5.618940999257646	4.564642886644268
10.0	27.365963924134828	0.3764774357950049	2.51459130587138
11.0	16.144521687211384	8.172865375165618	4.647152260990335
12.0	20.236584117039946	9.332235227660439	6.84749502529865
13.0	36.89402792547965	-1.8338398418963497	3.931764272339474
14.0	28.02150441570877	-0.5236451701333058	3.7533761056766277
15.0	4.399504300799187	8.807961439755664	3.497899736853716
16.0	24.991442544171427	6.97781079447592	3.9438270838750227
17.0	15.50707864245599	5.235253992271522	2.0523837757734302
18.0	16.026752704463465	4.997594687828521	3.096087051817652
19.0	1.0136762540345163	2.886313266192949	1.930584729072809
20.0	96.21061641763535	8.380044590004102	11.275822944163577
21.0	10.571189009681456	2.712768533173281	5.683404642534088
22.0	92.45683239543031	-4.759020774522379	7.4441287605169775
23.0	19.013369910397984	-0.8274648469925916	5.819467163307548
24.0	99.01545970143619	-2.7217321376605335	1.4001891089079772
25.0	176.3464759252886	7.544070671808136	14.129025114781122
26.0	7.986588739774758	-4.319928128552485	13.998152837504618
27.0	11.882619877511269	1.376610718738105	3.8814612923452234
28.0	12.809676414743407	-2.263002656794073	7.2735919083845895
29.0	13.074939045553041	-3.5062013631153683	9.697703932737465
30.0	0.8358901540184025	-3.4344206303277547	12.818774848240178
31.0	16.246480515664086	0.8827104204617413	4.310339147833393
32.0	14.205560291096642	1.9422450031269758	6.169374576683509
33.0	20.23841509864024	0.09003679705740364	6.679452671017996
34.0	4.607506832093954	-2.7995971188276343	13.379634624915932
35.0	14.64327814629148	5.214494895970299	1.361998075214276
36.0	20.876717731261408	-1.5294301369811656	11.973571838122508
37.0	11.002402630123052	4.35892740859228	3.5970290682625246
38.0	1.884393461860732	9.299958247154656	1.1835314914297959
39.0	13.348477267001197	1.340087560377511	3.025499927300121
40.0	16.200305601575177	8.389623952556091	5.072093068530552
41.0	5.519376166275246	-2.349825491752508	11.958407811443077
42.0	13.258899458749912	4.2086271150267045	4.39958581084433
43.0	16.58995806594751	9.757743346595397	6.728050668001831
44.0	11.208509485508952	-1.5053704793535423	9.45067898108245
45.0	11.516894682548166	-3.544688489174935	10.047677069893815
46.0	15.061648455383033	-2.2461600681769016	6.900275220201818
47.0	17.123165163433598	-1.9184451411039856	12.752804026233278
48.0	15.947849433561402	-1.2524379250501712	9.911272831227988
49.0	15.982877270121469	8.838820174593097	5.764497955229018
50.0	16.990843849060248	-0.9951518098512944	9.039807558902403
51.0	14.540781080051792	3.0677258631159745	6.090531563711714
52.0	5.901200905305814	3.884063025237209	3.4923133122605963
53.0	12.883036454223706	2.079870758057555	5.998673815619117
54.0	14.751458962363666	-1.8984088893303048	12.287211955588306
55.0	14.596558874295777	-1.5650202816342524	10.938202239855084
56.0	25.614359401176046	-4.616603497970936	12.034823826054222
57.0	12.022283462149224	3.7160576638622658	5.045019306555559
58.0	13.026051419594548	1.4568257676364018	5.346268577126778
59.0	18.810606276467247	5.767258376819871	1.7949757002518718
60.0	15.299355011754416	-1.253074086094129	6.680724277220698
61.0	6.401095704308352	8.998060874306423	4.406215761723473
62.0	14.15159886095837	5.072381405475197	2.127827160844444
63.0	15.683850634991678	0.9712581303786569	5.091569698813295
64.0	17.802577277044662	-4.497120746089075	12.6309726374484
65.0	15.734691545246697	-0.9542282014326169	7.209271687348787
66.0	15.05812495470985	1.3497306300615648	5.80551658757145
67.0	14.072056403325576	3.375052102839307	5.76244485320137
68.0	19.239127842228235	-1.2467337484732646	10.671322132431193
69.0	3.488403840739723	3.7647402351673787	2.97310883403906
70.0	18.703680055158223	-1.2870808106061427	5.809741386747609
71.0	12.428769189065543	4.409142033474076	3.795386486620787
72.0	17.023270380053212	4.4641633817203275	4.532613366723812
73.0	13.713295485994799	-4.291627130366646	12.446454072917
74.0	9.465569274222002	1.8391481372580651	2.0915939994076083
75.0	1.6216012048295045	3.5823411950494606	1.403142347014758
76.0	12.66688549653444	-2.5639432860334104	7.657103541256949
77.0	16.371620778601848	3.1155634375578725	6.291695044801822
78.0	3.4030015551086263	-3.8266426580722745	14.897801385445865
79.0	15.535921321529386	-1.062396550946752	6.908331120532326
80.0	17.397145128018973	0.6916161931514297	4.999025811444884
81.0	13.627134907107468	1.2854116331632124	5.128842446722563
82.0	3.1761405888831042	-3.2882560219527353	14.265839713696684
83.0	14.268690540189251	1.191065724724412	3.445323936682475
84.0	18.26584699026357	2.0551113506884553	6.843636320296737
85.0	14.193999878610134	1.9392232261780826	6.165698196656864
86.0	12.486190900792947	-3.528010394562533	9.84947520926686
87.0	15.156163364196686	5.277621810572869	1.0839343268375459
88.0	18.508019959102114	1.28205692389791	6.574768745137563
89.0	16.035739432081698	-2.426119899075567	6.977057516238501
90.0	11.52762381090278	4.8708120674151605	1.1996794644936544
91.0	12.041152817158133	2.780571234640309	5.893666428848235
92.0	16.465630962575396	-0.962753667385579	6.661905145942778
93.0	1.802991148610337	2.776039457212117	3.4552125914045932
94.0	16.89212975563776	-1.1885664712030222	6.2546450643328555
95.0	14.983977475647404	4.811181336931117	3.342266027332715
96.0	8.850140480140576	8.22864153778468	3.188423611114786
97.0	14.759142276894835	1.099960883022943	3.7705801165975443
98.0	15.71685498387967	-1.9851966001674812	12.764307108290273
99.0	19.28909434443325	0.9528127063581318	2.670625040447752
100.0	11.847200228601913	-2.396738681577839	13.540993896349523
101.0	11.281228743074532	8.199292335993633	3.764005769666017
102.0	18.230894561374534	0.8234236412625497	6.082522681743638
103.0	17.793243050230625	-4.298631578181195	11.814820434736095
104.0	6.841364722218743	4.3392100855865365	2.1111888192874457
105.0	13.999258477895497	-1.2002094143292878	8.818593932704811
106.0	12.86891747320724	-2.38083648477717	13.655791551378728
107.0	16.92798649170755	-2.977207313608245	7.833661400534147
108.0	15.34615097584422	8.113979325544936	4.386746320450342
109.0	13.293511313160232	-1.2364367241201157	8.542757474114682
110.0	17.041899247026233	0.7985803894092864	4.226365250879169
111.0	7.243606473276652	9.670691271026428	5.250878692246472
112.0	15.310721977756684	3.998460396211705	5.107236110170056
113.0	18.410226391673046	8.71516389065405	5.9031072897745975
114.0	14.376294636674697	-1.2785600239813437	6.977221771682439
115.0	15.202199772160224	7.673366511198763	3.2586725240692456
116.0	17.0091567110967	-2.4662019593659568	6.902489156158893
117.0	17.068465874138006	1.7191064545409231	6.559043788079242
118.0	18.675823225420583	5.768263112786675	1.6824916758546018
119.0	16.862335428786764	7.818735877126345	4.007690936699249
120.0	12.232525102283502	-1.514291937016437	7.406203877963437
121.0	8.549114320416269	-4.2988661493721825	13.677574032959042
122.0	19.891094265270127	-0.2837769331868518	5.641670229136157
123.0	15.691275387485128	-2.6003450970886632	7.281021239601857
124.0	15.400877179010514	-1.604863351998182	6.493635933857307
125.0	12.570654990823893	-1.3012158156646736	8.174128966865638
126.0	10.347344678707069	-1.616337907636833	9.795696230650108
127.0	9.89814188117577	3.641141263532049	4.8032911367461315
128.0	18.027080487572317	0.7996141384213438	3.6547383931100548
129.0	14.621965415134543	-3.454897686831596	9.331632204029335
130.0	12.316464523654066	8.303938934548006	4.239914899182839
131.0	1.6035576158803675	9.600259689023572	3.655692197330079
132.0	15.387442195513419	1.3027002477842347	2.459536887309037
133.0	14.124524617582487	8.236929454658991	4.4324254681014095
134.0	14.570759085879153	5.180005202098727	1.7145598300436817
135.0	16.085057692661515	1.2718978591738246	2.3798293547613314
136.0	13.089603962127274	2.562289073191242	6.105555911759929
137.0	16.723518465804354	9.832653310509544	6.782360804904803
138.0	19.576517310962245	-0.08407809673813205	6.043491964342376
139.0	14.670877544347064	-1.4582999499158604	6.700176961067318
140.0	14.838420381940141	-4.444180436999941	12.907450587519524
141.0	13.95376381705147	-3.781649056414672	10.45215299055326
142.0	13.662935363699503	-3.7459752423022796	10.37406696994091
143.0	14.254559980689288	2.7123646794815155	6.237097154700074
144.0	15.534034250778353	-1.047809729538081	6.9503636108785525
145.0	13.359866838757267	-1.2583605256233477	7.568245666308594
146.0	14.811515120077171	-2.555096218902087	7.330983156129578
147.0	15.808253162804405	7.23304791321914	1.7177399920467753
148.0	16.53046940417154	-2.64907353696017	7.25083311773306
149.0	15.338302883933446	3.2119505848560586	6.082979289705444
150.0	15.91810446187873	-1.5546199357897876	11.187053038435426
151.0	13.651739716342924	9.305637864647423	6.007560117563314
152.0	2.9789316204725784	2.3930229080359497	3.049678464618111
153.0	18.763332618324725	-0.42210525106524255	6.631478162384163
154.0	15.313422391056582	7.89725757165921	3.881430875199012
155.0	12.625281154010576	3.892222647424333	4.868351063928984
156.0	14.242323035522855	-4.749341053289895	14.501031723736515
157.0	13.382588087101205	-1.8111162444362265	6.925464353500184
158.0	14.028163360063754	-1.4153364562982143	10.105542345947057
159.0	12.462000366629484	1.9021692025059522	5.803490131012678
160.0	15.924640556268734	2.5598895590264705	6.506991690313671
161.0	16.344005303632688	4.170428872837784	4.970485588543994
162.0	17.698994661573508	1.3836788803000575	1.6135268149942292
163.0	13.779759920270664	5.074229101920194	1.8673009114560735
164.0	15.86169294021489	7.2002804998611545	1.3874204342979155
165.0	12.173703962670178	-1.7248988581753322	7.219761645264466
166.0	17.287376683076246	-1.8503246318552415	6.2349315561648275
167.0	16.335816775033475	1.0838597872331155	3.0692494776451884
168.0	16.53082012207666	5.414508630111431	1.7437796884298213
169.0	13.75272655465757	4.771660265877101	3.131392613376643
170.0	19.12673265880982	5.129419791923311	3.5237828438514978
171.0	12.315596780674213	7.8775798869028915	3.0735683544850376
172.0	15.905670152612728	-3.943623242116808	10.738525390908837
173.0	13.838754425153919	5.011098265396964	2.275023629094232
174.0	14.04030554012105	-1.2773389086992912	7.119996930417612
175.0	18.64059447928431	-3.956893743016873	10.418405084898389
176.0	11.805589292921638	-3.5345421952033713	9.971905138334018
177.0	13.619642037293017	-1.9384155249239616	12.229547298107823
178.0	11.190141560209806	1.8815132326577313	5.494035847427608
179.0	18.204977128139305	1.0510637150837239	2.6162210343197585
180.0	18.067365231172143	9.248442884850318	6.5160336824734655
181.0	13.448081806979351	7.78222810937811	3.099241014515923
182.0	11.616276340571488	8.684203292166693	4.871315613278187
183.0	18.397156335481807	6.789712208470146	1.1221465531678279
184.0	15.381224407902987	-4.7381231660085525	14.175258971834703
185.0	13.153486681236906	8.126691807013811	3.993492384783925
186.0	12.979079670375976	7.5491276968426515	1.658726399895296
187.0	3.9221461437299023	-2.2578433600798724	10.140890328304295
188.0	16.153110416343708	1.6973742927078694	6.384641301146719
189.0	15.885486320085203	-2.837980370212093	7.678025284789169
190.0	15.769761391075894	0.9846558985697005	3.881103049917853
191.0	14.659397972669044	-1.08936882126695	8.348814396561202
192.0	15.133540290722575	-2.2245196817981205	6.867144644374625
193.0	12.348320575600265	-1.3694015715045929	7.76785069271955
194.0	4.454570304327557	-3.8879341939572742	12.914127172331794
195.0	12.7516345763471	1.7010829670278795	1.6666801124754547
196.0	12.086852306481084	3.9971056867018024	4.597922221187965
197.0	11.826133313835292	-1.3794883645802396	8.460262823017704
198.0	17.814616561204247	1.4826402456704342	6.564210533337811
199.0	2.7330173667552984	8.72529373771748	1.6647911797208317
200.0	14.478875922268344	7.3710960926223255	1.4298720939677245
201.0	15.69122009557977	8.245349977472666	4.7182575222360175
202.0	15.304338004240488	-1.703456968059026	11.650063765042324
203.0	12.847721588502457	7.558981656696902	1.1142240727041282
204.0	16.99018478539927	7.318096834038146	2.716062668129888
205.0	16.973832791824425	-1.9954711382770132	12.996367396623272
