Iteration	Y	var_1	var_2
1.0	128.9976597558987	4.951157655119557	12.090825091361658
2.0	1.5010836777500334	9.792833705540508	2.12463403055055
3.0	16.76151866619083	-4.212132387083691	11.624291424750753
4.0	42.211939709357864	-3.0783755682800775	5.65869512427397
5.0	98.75277752258788	4.617528727331246	10.87440790111982
6.0	5.080261350413512	-3.010511399447397	9.81743922319878
7.0	36.34816937016366	6.181870981798026	5.196307464140275
8.0	152.3213080690654	-3.8463729434120264	1.8003544135423435
9.0	0.8415663808199376	2.888887910175052	2.1078816216679557
10.0	0.6071806437537859	9.631143340818356	2.5800307306714725
11.0	72.40554316568856	-2.5535924969983768	2.516386872427511
12.0	85.0679788101969	4.696305414954045	10.047884182987433
13.0	62.751489242594914	-2.0428248715747643	2.232748130910719
14.0	110.31369829500944	4.94870083537382	11.190391098148462
15.0	108.6652779090032	6.832531725617889	10.668357082571612
16.0	73.95735001248744	7.751531536308368	9.360965847160166
17.0	46.08622644579522	-3.532843457045632	6.5296189078211135
18.0	52.64739429232775	8.615147249448226	8.896042248438716
19.0	25.185390399730167	-2.977380255607533	6.9181263706139156
20.0	56.68813062882374	-4.3408541070940165	8.25953882939798
21.0	30.001858081750484	-3.5795928833395663	7.995393668089708
22.0	44.34055488470694	7.058852076707094	6.445037215585611
23.0	51.71674738867377	7.522822043872663	7.550441336136531
24.0	38.93105990514302	8.406047409385044	7.577857996002379
25.0	49.89338684092389	7.759576870813611	7.67263959577664
26.0	41.01998573574993	8.967050531318637	8.411489265671232
27.0	40.26804132813737	-3.565921915343374	7.071538932728375
28.0	44.75980729874336	8.799218477106539	8.520427603754047
29.0	42.932874271207254	8.95633764940075	8.550303251910492
30.0	19.547347863359427	-2.9524839017809645	7.468739988730267
31.0	9.500423148580019	-1.7144631836121556	8.17286103351525
32.0	7.841618172735977	-3.466911811927671	10.436087113470398
33.0	6.419198712054994	-2.408509186322853	12.46803289020493
34.0	25.316497832032358	6.0565200249944535	3.54073235571267
35.0	18.61226094675894	-1.755562096846023	12.413440724670394
36.0	58.956587126509284	0.31662028529229413	11.820274895714963
37.0	49.44956305197169	-0.7520555377100937	12.965371639297507
38.0	38.19461334229851	-1.0664438659366127	12.697516028982069
39.0	21.28917181158185	5.356083739290639	3.5323589717465285
40.0	22.30859893969293	7.078797982014228	3.5711180414198465
41.0	15.406274229266373	7.707849451160564	3.4095704203249024
42.0	23.433340074871886	7.773430375484756	4.992522559917045
43.0	24.921156918446485	8.196852839163125	5.894204915875311
44.0	36.27383024764646	8.30974307199121	7.217755182615484
45.0	8.65088963078458	-2.5890903299158414	8.37429514520333
46.0	8.401788696910529	-1.7809415528861425	9.880443047772172
47.0	28.006853746429346	7.242645069192475	4.784374852405986
48.0	3.2153516804279487	-2.3723831648841194	10.165065446534292
49.0	20.592050669150826	7.437335092514257	3.898435763726176
50.0	7.316359588355095	-2.03574583027073	11.048837044110533
51.0	21.236607062156967	7.137874887564463	3.442671676093539
52.0	18.000881186664152	-1.2786173538827734	10.534214205237275
53.0	10.412090357945377	8.003424281645547	2.894142506875828
54.0	16.73566456797139	-1.304427289566212	10.347236778561578
55.0	29.38772313306317	6.466709647365953	4.264057523617659
56.0	20.07965436375131	7.5182362036741	3.9661966658792713
57.0	27.03179085181814	7.551362535729254	5.11245820892443
58.0	2.6821474593336116	-2.4435163204315398	10.465028421280056
59.0	29.385645224204143	7.213490761743962	4.935673634345061
60.0	4.827053508210551	8.913702344069339	3.8671082201336886
61.0	5.292076987280829	-2.1020024797568944	9.520941476800678
62.0	18.36590933896487	-1.226901958210877	10.411754135110929
63.0	19.631230547159326	-1.6001719944792003	12.02606902109244
64.0	26.864163594106998	6.88869822021088	4.16150265057355
65.0	14.751962507338268	-1.8272923047977079	12.02060773696251
66.0	35.743780270315	-1.0580067428353863	12.414639068950974
67.0	22.713518629404337	6.6562719039522875	3.072012508373196
68.0	16.587174090856948	7.569733790111311	3.3282027084233006
69.0	1.026945869450964	-2.8746875445829994	12.180413451340199
70.0	22.88181682242066	6.45900093871521	2.9610021662532775
71.0	36.205769807183074	-0.3408316478336628	10.699437436448362
72.0	24.158978452346425	5.605715639768432	3.7217901335321386
73.0	18.3997885396621	-1.3335955506521464	10.830834963266275
74.0	35.8523042987327	-0.7021877744592606	11.484954031373364
75.0	31.977748548436374	-1.1500292856968235	12.250379217907634
76.0	22.9522369326088	6.387682764244028	2.949324345269395
77.0	29.625668773767494	5.7625346685464525	4.47938012551739
78.0	35.62128371198608	-0.4982763135772146	10.970791489101117
79.0	32.15119444024164	-1.1381193433187815	12.236054936588028
80.0	20.178633226390094	-1.2823895358724515	10.982453304792015
81.0	23.802621979661712	6.8308958284610615	3.5237004956746283
82.0	23.894082369969382	-1.1309372278154113	11.096527524954155
83.0	18.441681072875937	5.404564281704854	2.6927741001535623
84.0	22.974392943611257	-1.0919915535005393	10.81613128764389
85.0	22.63833035259774	6.578045896418301	2.978201627213518
86.0	23.82012763253337	-1.212103157045167	11.351456534063397
87.0	28.68961125856256	-1.1527630935715445	11.852319951627974
88.0	35.07093107117629	-1.1978975012783288	12.73653197133216
89.0	39.61864727066947	-0.2432588963244129	10.90027064849858
90.0	18.029690373979836	7.4032707384551895	3.2590932608170835
91.0	16.458903637175666	-1.5983466857295259	11.466831255776336
92.0	23.239454432412025	-1.232253301056327	11.327599077044706
93.0	22.93855686011694	-1.910035635315774	13.527908181222436
94.0	28.804432685608415	-1.4915492418848548	12.90913064085931
95.0	38.93606929731761	-1.2914113529936566	13.397988427402087
96.0	26.23294068976861	5.616662200126539	4.083361377964157
97.0	32.64727688381744	-0.9718184587341421	11.82004246093321
98.0	32.85634711715299	-1.2779094164138733	12.726344285647404
99.0	26.600841488385807	6.62274643392672	3.872884234129151
100.0	30.547112592658447	-1.2164201990056442	12.276256120687737
101.0	16.899309349331645	7.482008467334735	3.170271270110978
102.0	17.24603696204057	-1.4727852251139026	11.135484640477305
103.0	19.57815487168464	7.13967784025631	3.0352846248375327
104.0	27.90001164679233	-1.0193052681825643	11.343821521634153
105.0	30.836162857169043	6.5452289855441705	4.517482629172489
106.0	16.483828618705328	-1.7635628722986492	12.093603328664662
107.0	27.14057450282034	-1.1804077725087572	11.731076842832946
108.0	28.377253054799738	5.936720137800577	4.161553848891631
109.0	28.65242539636005	6.271004497591081	4.1081236020657075
110.0	32.22189144116654	-1.1542144452350667	12.291206792293847
111.0	25.828161398294036	6.031886521834464	3.6550853578054117
112.0	28.117057972506828	6.758933805461691	4.239743526110567
113.0	20.422027384655802	-1.5307700836695899	11.9072564698961
114.0	27.49695288290013	6.657297037945291	4.055564690573039
115.0	9.179061994879941	-2.3501420805434825	12.888533651041902
116.0	23.156488927665983	6.991040162096331	3.6082528908568325
117.0	44.24651407964128	-0.3232886205805592	11.542194671697922
118.0	22.6410965038054	-1.6282812979578454	12.566182314271815
119.0	23.3031666933204	6.469057917473998	3.076707949896913
120.0	17.40313056403125	7.332769070044707	2.894960049863506
121.0	37.640993784059646	-0.15939705376411073	10.518496734622722
122.0	7.301090102061966	-2.060543710793322	11.176268672484271
123.0	11.737483754257891	-2.2882250445085557	13.155550343966826
124.0	41.65468670379637	-0.5217848384402846	11.695764860579192
125.0	27.379276978918398	5.753711318846998	4.13464898778031
126.0	18.043108866154682	-1.8960443133286953	12.815441798916634
127.0	27.130355054827767	-1.5944362992149435	13.03225316578954
128.0	52.335594934158756	-0.6014426410738691	12.870680775410294
129.0	31.324579824334528	5.527202784757193	4.936335278730944
130.0	23.66668175592045	-1.358762896225647	11.81365746616216
131.0	31.077364488077574	-1.230240640211218	12.380819013613184
132.0	19.00718851068894	4.566635196937579	4.651187866779065
133.0	16.434643231953064	-1.959984016766112	12.790271422532955
134.0	21.591063788714386	6.3873330506415655	2.533345057794042
135.0	24.217034184134704	6.144856204336216	3.267548694148025
136.0	30.81968923871951	5.608831445749921	4.786853968478542
137.0	21.474464536502488	-1.6419800803325044	12.448333235716648
138.0	21.37661232111575	6.883664998453311	3.0242555354206466
139.0	19.398627443313234	-1.6816310775148096	12.27601784557097
140.0	42.526665795639424	-0.930662589592476	12.769117560947533
141.0	24.451003222388508	6.235520210931021	3.303270849749862
142.0	14.243093516486585	-1.8930275191559813	12.174661400060806
143.0	25.665199738387187	-1.6219473079067486	12.940727187640826
144.0	20.68920207491778	6.925395230835136	2.9057959652054084
145.0	6.7707643353221085	-2.84698591234637	14.019345608366901
146.0	61.74082491884434	-0.10110107808786495	12.657437135873264
147.0	28.0957711700243	6.004529199571657	4.078416756338784
148.0	26.667556297985428	-1.801356206620481	13.629160078937495
149.0	5.526240815685832	-4.143163503123242	13.973998318327698
150.0	20.436694651087606	-0.5926392245302008	5.416316060883288
151.0	6.456678684804527	2.260497497958837	1.460368905982879
152.0	3.1965819266642157	-3.4243346518187034	11.410014334204227
153.0	2.40188126876686	3.7986889419437	1.885704053808078
154.0	5.938568545275483	4.265581626837536	1.265795657355339
155.0	6.9758197856300255	-1.8953970979439996	9.67623137705046
156.0	16.263147850810586	-1.7076315543467357	6.342581843299895
157.0	6.387972912509198	9.207570302492499	4.698805553077909
158.0	4.959768728161163	2.9291879993461585	4.531202095029491
159.0	12.30800452707133	-4.664277472933931	14.569628580408503
160.0	5.869746135983278	9.57522652648317	4.920730612304686
161.0	10.39483713919727	9.171521425810989	5.382640633467427
162.0	12.169543848284269	1.7490119832927729	5.579217360929153
163.0	14.896118797944872	7.328509576921439	1.5563795685261927
164.0	11.964395703980765	-1.3659952535367097	8.522761706910465
165.0	9.38725566448774	-1.669129668914921	8.442003349949522
166.0	14.63835623509374	-4.691129484405082	14.108525793755685
167.0	19.64647335964723	6.3326303986400525	1.3387357248076879
168.0	14.618861934098504	2.0570655188484235	6.290377419773625
169.0	6.937100543819724	-1.8973250639501824	9.61529293984295
170.0	4.640299118451752	-2.3670383439577742	9.264994027245947
171.0	24.504088941202273	-0.17460533749222407	4.035061633143967
172.0	5.031450812211547	-2.6930313893403577	9.303710127628838
173.0	6.370785194509327	8.659205938500142	3.719814871917926
174.0	5.360889265423649	-2.420162728662433	9.005110157295938
175.0	2.190586572978135	9.997245705892716	2.4885579747993285
176.0	5.124455443584883	-3.9678505701596305	13.071722218815658
177.0	142.4443871820812	9.49723699974278	14.454068136539929
178.0	3.558473730602562	-3.883925189466733	13.333817721644474
179.0	8.20697668785834	3.7251136124949884	4.357957098014786
180.0	11.349572178560763	3.9922550034779416	4.47673110395154
181.0	3.6023379733066028	3.9601938168412794	1.3195440643045595
182.0	4.093849993684117	-4.038136446738347	14.831069831218155
183.0	14.562375292876732	-1.6210734261337323	6.673405744471283
184.0	22.14779805275097	0.2180245996865029	7.324376455023801
185.0	6.198361045625428	8.487597480111587	3.170306985039403
186.0	13.570731975699703	-3.342761663372324	9.16101890598466
187.0	13.620399033292243	8.22274620288088	4.308846073179839
188.0	6.8488863995001	3.0018435491708058	4.907893666606908
189.0	6.694238737356209	8.764916652915616	4.043615194220996
190.0	5.5128359592346605	-4.144105495970732	13.989152751536274
191.0	11.644908969638887	8.26139785141713	4.002954599950877
192.0	15.828660059282363	-4.742193147873009	14.098331580531427
193.0	9.466802387254582	4.6107611833341515	2.0721464512720678
194.0	1.9739267421920648	-2.569031593658379	11.152672629635505
195.0	14.03217731052192	-1.7427351703387552	6.783766460083865
196.0	3.7923531637266645	2.7251570495691126	1.0178461595286261
197.0	4.744734286014892	4.0955707398932315	1.1017846079134115
198.0	7.1358459557533935	9.061088292661573	4.657126673322156
199.0	5.21086348378696	3.925742186582241	3.1603194554382474
200.0	5.411006171217536	2.081626150768259	2.9219725586242156
201.0	3.710239986215523	-3.560037023369629	11.727201428604383
202.0	5.842355904585192	2.4566848462401794	1.0589379674687907
203.0	14.220155395598834	5.147684530878658	1.6441264719848245
204.0	15.430939183472104	-2.338198050682809	13.90575948330099
205.0	10.40316883147609	-2.584563176436708	13.901083158814291
