Iteration	Y	var_1	var_2
1.0	49.61170274002407	5.447037783967925	6.923490441742453
2.0	74.13577477232346	-0.7079099757443084	14.730698777384617
3.0	12.690819288155588	-1.5972281965369532	10.587616340188086
4.0	31.344048776924012	3.2697215362433685	7.733046620781053
5.0	47.34817648790105	5.792034546783446	6.489645254718107
6.0	15.962834129150483	-1.1368690376887534	9.364063517045249
7.0	28.99489439337606	0.9634607745022965	8.262816101295675
8.0	33.93249980796199	-2.3340886844598527	4.889553069231853
9.0	38.19759314342107	-4.616653044559838	10.705129614435052
10.0	5.953485832911363	4.267046081446868	1.261331762963343
11.0	96.33472136627486	9.725930799164495	12.513395168882825
12.0	2.78502424189349	9.892497726527191	1.7333794068973223
13.0	3.2718401690662704	2.675784705433429	1.3058043971644506
14.0	67.31070736500087	-4.265585876643644	7.299812258859489
15.0	19.404568711996717	0.4177987270870931	4.564893093297336
16.0	37.12881738846682	-0.6383240563255628	2.662043149203769
17.0	10.215464373790448	3.7719061425734015	4.658323388501005
18.0	0.866243492817123	9.431033066817518	3.1645096116027895
19.0	174.6131378168401	6.142654851645425	13.552221278467327
20.0	16.43180608990528	-4.768322804110664	14.098314244651464
21.0	16.169374760764764	7.161303389873586	1.0340159826734812
22.0	12.701226551769565	7.733451584845904	2.6615309639661064
23.0	14.38478476778213	1.140324530703512	4.967777251754124
24.0	128.05807287790014	-3.629326063300902	2.22884662626284
25.0	3.6399636768551034	3.9883088591375504	1.678126900476215
26.0	1.3554743910674087	2.7261379168349125	2.2461098786417852
27.0	17.882758143397226	3.726654484852588	5.848907443793721
28.0	18.47546527848303	-4.715123346768268	13.469679615185795
29.0	58.1305433324195	1.3619441853897234	10.864640524459105
30.0	20.17407828448716	-2.1181200748305296	13.84567413383749
31.0	12.828550883199538	9.638785663206512	6.155948927973503
32.0	4.641420438994427	9.261642504802936	4.369633589050906
33.0	9.064083406725683	-2.277990401203116	12.598642953534474
34.0	1.4281314490674433	9.460787522807035	1.4936039588729229
35.0	5.936411994291224	8.497570805090472	3.107152617786059
36.0	7.5936213383550735	8.13423318404291	1.102015220332004
37.0	4.721427663187344	8.451931053930853	1.4203803102110215
38.0	2.8724236270308694	9.940278617677933	1.8365988499884351
39.0	5.73538230167535	2.0310037249121606	3.3029686657685486
40.0	2.7680881087619946	-2.7048267578661376	12.461930159249292
41.0	2.7760405737889817	8.706856935982554	1.8459389154555241
42.0	5.503096779879262	4.171203986477934	2.279551839063722
43.0	33.16343887458857	9.101787492508048	7.896611257380126
44.0	7.3169840928921674	8.159916060646243	1.1575869821357476
45.0	0.5654763529905402	9.287125849858928	2.084276425010123
46.0	4.861020288286955	-2.667006018972013	9.319120678475066
47.0	1.2498393558557481	2.7777414661135635	3.0484358547100934
48.0	3.9218275880999087	9.846151662578292	1.215076101743658
49.0	1.9021203967371942	3.406092023323499	3.1595719011437797
50.0	0.7196719215083363	3.369353845521397	1.832411278906472
51.0	3.9138067569985946	-2.569079244374262	12.35028033167081
52.0	2.109002108071902	8.892213846547532	2.6799048039113895
53.0	18.339822249323532	-0.9676285704177721	5.960107240774359
54.0	6.526819701946622	8.224235016565563	1.685389654860055
55.0	2.4182487335107252	9.047957666501798	3.335948995271633
56.0	4.617408440802332	2.201914352533639	3.6539704368048183
57.0	2.384543563150328	3.071460389894998	3.7314181678073792
58.0	2.3687596054870674	3.4249374757814426	3.3245590554449396
59.0	5.723521073665264	9.99446993292585	1.0457709083182898
60.0	1.6472451890122617	9.683914543575753	1.7385409875492763
61.0	5.557855011791944	-2.490193616857072	12.551469367088373
62.0	1.656030023976049	9.631107377804716	3.6814201612966007
63.0	3.8066611285516414	2.72586705765202	4.231161296638285
64.0	0.948555018910552	-3.3929270976788075	12.388195548775318
65.0	4.795516480272161	-2.2535517614772105	9.318684664927313
66.0	9.176976681297225	-4.407608520558242	14.089878299503305
67.0	7.04151625805367	8.702067208654269	3.9927676666119893
68.0	4.533656631341666	-3.326843254839603	14.717491734095873
69.0	9.755041475494034	9.632394277390796	5.680750774566334
70.0	1.0865971413856546	3.4065874646633496	2.6720028339054176
71.0	11.422346961073803	2.97558196585992	5.708396159771768
72.0	0.8920844711320317	-2.8879858738823456	12.106337371742434
73.0	1.6006505025353075	-3.6474829832368854	13.529750417204049
74.0	3.507321348735678	-2.7986113268367188	9.869005007664299
75.0	9.010403887962601	2.083574394446053	5.173755838325351
76.0	9.707258112650676	4.583077068936689	2.3916264907845974
77.0	5.418383462907169	-2.439081219062574	8.993066882270464
78.0	6.653342660677881	2.114087590229106	4.4843952143899894
79.0	4.414640409459662	-4.090906863370386	14.746212492232718
80.0	5.693338575833055	2.126724735345271	4.071679384236939
81.0	7.474945803271162	3.2877673501909275	4.80472212232006
82.0	4.117854962401463	2.621102891486414	4.280647184288696
83.0	0.6165442727835835	2.9936725782689226	2.7305252976568237
84.0	2.597841726572833	3.1116978777997257	3.7802064782316425
85.0	9.156041583781588	8.457927914816137	3.9270691434691147
86.0	2.059631100353851	3.7024602684222856	1.4416146716166174
87.0	1.2783946822511147	9.836952881922041	2.568315927896997
88.0	2.996346630524184	-3.2672259693769345	14.167292240527967
89.0	4.1933743198978535	3.0383010142847198	4.291952994514262
90.0	5.541411110116828	3.4835495397856278	4.165287829177501
91.0	2.3162711822334376	8.798702618855295	2.3092728781162855
92.0	3.167020404620393	-2.6294190161193782	9.838252803659566
93.0	4.732060815364875	4.0884789116650815	2.236973474813225
94.0	3.796523068877338	3.970342791875792	2.251841266424666
95.0	0.9797723547555499	-3.483551320067934	13.27291019661003
96.0	4.096797439719881	8.601949193273573	2.660650966794571
97.0	8.911364470492211	-3.0544511779747188	14.978095272547229
98.0	2.806790553928261	3.6277808300952827	3.0648921520996146
99.0	0.6745607065224934	3.1491642116359113	2.794838438893968
100.0	1.4229215184180983	-3.196112010871262	11.401037864764492
101.0	4.793167918798709	9.412427281006648	4.560919422158079
102.0	2.262728168897649	3.1471155630792964	3.6362349722251484
103.0	4.415963901955299	8.898797732207209	3.7163610106986393
104.0	5.958940740387933	-2.0383674505243694	9.245379942851391
105.0	0.8304725984143726	9.283348819976357	2.9385556977977645
106.0	2.1601607802162937	3.0163294685615725	3.6735753770108692
107.0	1.9660335543126486	9.481101359570312	3.769081788130561
108.0	21.20586372872574	-4.696257793462452	12.952898504486553
109.0	6.472536654450059	8.27677889583164	2.319081217510725
110.0	3.9115516296793604	-3.7829693335543197	12.602454743159479
111.0	10.174276564297632	1.5618732145886787	4.126992894872191
112.0	10.814805564607806	8.19578038256393	3.641738096771473
113.0	13.446124592617334	1.2731401673008795	4.976862483617401
114.0	5.417937753757032	-3.2412228042775966	14.745612884269057
115.0	6.971829275543907	-1.9089885411196663	9.11198982445796
116.0	11.451596926893608	2.3510452769049897	5.836909279927118
117.0	9.169370675514639	4.620585894620314	1.626967069948882
118.0	0.5413762627412844	3.0315009461196514	2.0702609143526947
119.0	16.174678725862865	-2.152021769343963	13.406625950564965
120.0	1.4592214977664764	3.599825793791725	2.210732645182021
121.0	3.883670779942677	8.646165244993846	1.0484220648058802
122.0	1.0446837002523175	9.05921038949737	2.073001573554954
123.0	1.3878026762777065	-3.5620643895313537	13.700172377500653
124.0	5.251005120544143	-2.602726776754143	9.148688117417946
125.0	7.021329967923693	3.0773448323914536	4.895390740445489
126.0	5.266963537952879	4.019613771756465	2.8729024727078665
127.0	1.285259570387046	3.111172363563666	3.2384864727928466
128.0	6.004724589104913	4.249353542577351	1.027723713347832
129.0	5.440840357271829	8.499696884702065	2.9093569684010747
130.0	6.162608039978207	-2.9379834475734015	14.150349715092654
131.0	17.0117329853164	3.4421999846298075	6.075084172821966
132.0	9.580129441125369	8.037550138665255	2.7079562076665997
133.0	5.8299875067457325	8.51413988270114	3.1248646889030276
134.0	7.496327253451339	8.59539911828174	3.859497842119569
135.0	2.3411599132736596	3.6373129060632756	2.8075267536253024
136.0	1.9040018687261266	3.3959332074581265	3.1791774906913624
137.0	3.0381122548523356	3.8799884186644	1.3962966259840146
138.0	6.612157121659052	-4.311505671103998	14.664057291805811
139.0	0.790221439289061	9.152082299184245	2.448283912119048
140.0	14.207484150758546	4.156103120760385	4.662724125030404
141.0	7.151240418471444	2.180574191647249	4.771720966035023
142.0	1.2269755293204998	2.8137275185008246	3.1081378250485754
143.0	4.400032851448438	2.7908356235188663	4.413082978084864
144.0	3.7935305759544757	2.2741578371938864	3.1121920675536545
145.0	9.484844875634597	4.511234123180209	2.6338456494989053
146.0	4.957504761365085	2.492161745244121	1.2219803189476064
147.0	16.796857706707065	7.071222552931268	1.0469381300432519
148.0	7.5319748375944195	-3.972858866630054	12.361191351579151
149.0	15.382372016665812	3.292265983358851	6.017331068345322
150.0	7.36237004613736	3.0156928984348728	4.9998236902094
151.0	7.794218337391081	2.4583320536083875	5.15744276638237
152.0	12.142402556345605	1.381461760141141	4.626868992005166
153.0	7.728247612992559	8.792174573401752	4.3323708923474555
154.0	7.103487475089867	1.96042216506748	2.5099067840410942
155.0	9.90055159791878	-3.3159258788337143	9.63894981369067
156.0	15.596167434123148	-1.94533003742794	12.603073496059057
157.0	15.996761046634022	-2.3525991284341314	14.031675843783518
158.0	0.4930173965607132	-3.2820152376675704	12.639832958841268
159.0	3.3780044895528665	8.733904329380046	1.07170751902712
160.0	8.644052539182464	-3.857869628181833	11.63645304827429
161.0	12.006963552786244	4.725322985407525	2.736075955444126
162.0	2.836021654115269	3.8085760232997306	2.4290167001808536
163.0	0.9113258017049244	9.366210835797672	3.131005049481044
164.0	1.8300976873488732	9.062135631642953	3.0848222448495584
165.0	5.5307406819246365	8.387159779834013	2.3801093811567506
166.0	11.727380817882342	1.4701351543103272	3.066228179671854
167.0	10.378332124223009	-1.826287837425924	11.012309699907894
168.0	2.9300811356886474	9.750990324592943	1.3406059206694958
169.0	9.299355832647912	-1.9452096703428396	11.261345556392788
170.0	2.9440803103194204	-3.1093779189305297	10.603596746213723
171.0	5.694681841966557	2.040517154975424	3.492680877813095
172.0	3.5518045213704355	2.6215448366933893	1.3427405911957981
173.0	0.7626182940908066	-2.908639772084775	11.397564654404295
174.0	12.12808961237465	7.7248053470405225	2.3583868252227163
175.0	8.72765948102515	-2.2165616170868847	12.2852755893348
176.0	3.6971475002497876	3.5310832349907635	3.5971147713833727
177.0	1.6076067029101786	3.0521431567311144	1.2635113327915435
178.0	7.944191291306191	4.445176833933548	2.170423107184539
179.0	10.545797744128766	-4.00532450919122	11.842639010674214
180.0	2.264195076724734	2.5455117251928296	2.3271229947250855
181.0	4.561733774336746	8.502993059294036	2.4115740764168274
182.0	3.4013702312401444	-2.3536430781264848	10.044748631199427
183.0	4.153858754107353	9.911353412226516	1.2907391020465706
184.0	11.792141834140326	3.3648108942553137	5.447421891580713
185.0	1.8717307273236017	-2.734729570946779	10.487938220207932
186.0	3.763255420083545	-3.9842042112466363	13.999781786718081
187.0	7.33831701484621	-4.289478884518037	14.07285778717484
188.0	3.5639517024342275	-3.2207473641399327	10.695161880953503
189.0	1.188216855411266	9.04679500214823	1.8391725094554474
190.0	7.894192825831485	3.4619180278469486	4.685685831713812
191.0	15.92303803682077	5.025469843268988	2.986428584125342
192.0	14.203775205974411	5.012024060825587	2.4385389271412814
193.0	9.413271098425474	4.631532137000715	1.8343726086795937
194.0	9.91572500985609	7.946364679221558	2.405571904815975
195.0	3.385513448229439	2.67329461075167	4.066335880966748
196.0	3.412831191232822	-3.345030335133811	11.090885586609398
197.0	8.360273369647375	-1.8621063187577702	10.468962042012409
198.0	2.0318053415827073	9.78775701015937	1.7940719270405474
199.0	15.035650733194236	-1.2586139169514525	9.652258569375931
200.0	11.483911322250046	1.527008131405351	4.902220848667935
201.0	4.024897153984083	9.495855198338313	4.433702942573765
202.0	7.823549428552432	-1.974056334191367	10.906813537620307
203.0	14.977132751126796	4.678549749924597	3.6841612453561776
204.0	14.09475743218357	7.414826576395523	1.191090599659159
205.0	13.911752872101584	4.562051644074012	3.7408782116869927
