Iteration	Y	var_1	var_2
1.0	49.61170274002407	5.447037783967925	6.923490441742453
2.0	74.13577477232346	-0.7079099757443084	14.730698777384617
3.0	12.690819288155588	-1.5972281965369532	10.587616340188086
4.0	31.344048776924012	3.2697215362433685	7.733046620781053
5.0	47.34817648790105	5.792034546783446	6.489645254718107
6.0	38.31327070265432	7.119073142254152	5.893927192385837
7.0	6.163444222518251	-2.6516366809827825	8.975415367346969
8.0	17.25849587688098	4.864903615886572	3.7229697536219595
9.0	20.54338317006134	7.6863791911117865	4.389269026983373
10.0	3.1063458489549927	-2.376579659793454	10.693902875579157
11.0	23.142703278535514	6.663854147636057	3.1870337629477623
12.0	189.7595017395463	-4.701748408871659	2.9276226736540716
13.0	76.73050433605587	0.396591375777974	12.996599154149019
14.0	6.8651447960042695	4.354953852121659	1.9929246850667357
15.0	87.0357869177302	2.646808084722779	11.938369876921705
16.0	8.001388003369604	2.0668709582893303	1.6586683564565785
17.0	132.934255782168	3.4744236388779584	13.519284352006224
18.0	49.12083294432872	-1.9881604719799393	3.116458767970862
19.0	117.63071294909938	6.152892390508397	11.00309437626536
20.0	49.32641960771465	-2.645335141101382	4.202587209880706
21.0	76.29099851393865	-3.404636168465479	4.223406930337437
22.0	31.521121508005162	-1.8942482418162103	4.521203355889412
23.0	113.27200821031273	5.584372602386422	10.934746601359564
24.0	82.35966448961989	7.053139668862393	9.292192893181374
25.0	90.74994744965633	-4.570727977088734	6.912188028756539
26.0	72.23743356467189	-3.4947592532790237	4.699067376209811
27.0	90.81105022524441	7.054111631874848	9.799211515099813
28.0	86.0218176095011	6.550125399151909	9.288368536188079
29.0	29.781761414434133	6.858423838504365	4.585234498414097
30.0	82.40002249316133	6.4060443079025795	9.03493928036996
31.0	34.62674292749393	8.645086980250314	7.504332478562194
32.0	88.84008244592525	6.311883989985676	9.422193125313623
33.0	70.16847468052947	7.133998243625136	8.557974149768159
34.0	43.91473225538688	-3.412894559964376	6.366456782132251
35.0	37.73494883749417	8.368024661935433	7.4249153493856515
36.0	22.301201975445636	7.615405807103324	4.5390236216277415
37.0	19.55107337958861	7.737205145791135	4.323246955969749
38.0	34.97242798409626	0.5797219542091652	1.0050392027704738
39.0	19.682054288516024	6.132358732389447	1.532824292937699
40.0	29.70272997967314	6.176959749047526	4.2847268577229904
41.0	6.427971575826332	8.731999166535738	3.9062267345154886
42.0	35.380851309731554	6.439861149260368	5.095181085247603
43.0	17.316952789624086	7.863883204092087	4.195600198565717
44.0	17.404365547924904	5.4519152106924285	2.128797918524251
45.0	16.024706676419804	7.622867439347207	3.330315390499558
46.0	22.491595260017803	6.123862500945332	2.833458168220393
47.0	19.606281750656724	-0.26134785197416743	6.999429788890548
48.0	19.147773788076456	-2.285055213295963	14.240397560834586
49.0	118.23945594277222	9.361328029052206	13.276594361498114
50.0	2.1725140261189075	9.505193952688252	1.2232149472270584
51.0	8.814011994910675	-3.715893615421803	11.07563900548645
52.0	19.887652137226393	-4.644884205406577	12.933891901372792
53.0	17.844270418802488	-0.8164453756422976	8.51184308499631
54.0	5.343760116447929	-2.3843271604339504	12.05292940465367
55.0	16.467599040876436	-2.3151644935048132	6.775307030391832
56.0	8.342019558990021	1.8565184043607132	2.4666109533173532
57.0	13.056905830091605	8.688594714227968	5.113451229477247
58.0	19.16251263371985	0.4059129165536932	5.958903094118657
59.0	17.087459359709907	7.0412479730142135	1.5370404334406989
60.0	19.289217105809577	-1.5800589294586134	5.774884584306403
61.0	9.515523669271749	-4.401908884471808	13.944071466559533
62.0	18.47408470984547	-0.5086726189600794	7.139110029132876
63.0	15.163763823314351	-2.1391546949048297	13.210073941427915
64.0	4.545502721233751	-3.977265951254307	13.380849685582675
65.0	16.18675725000721	-1.352432658427389	10.415233187085914
66.0	15.882234361112118	8.424151763469487	5.086739084346412
67.0	16.87215689883862	7.05713135490816	1.2736276278564835
68.0	12.121164139231364	1.4775657460865226	2.822603655089912
69.0	14.451389107053217	1.1305771897589443	3.7661159464847858
70.0	16.19791843987352	0.9502662197744396	5.388230268115255
71.0	3.5105896699220516	-2.4395238506049384	9.733896721539422
72.0	7.244353302880972	-3.018568799292728	9.378628799577399
73.0	15.163956496237125	7.359136338377461	2.0609479567720217
74.0	14.662574007284547	1.0766563220513703	4.765643761018037
75.0	14.544824942038945	-4.4971747765521926	13.202023466504237
76.0	14.77743851769184	-2.815208504006188	7.7797836302649985
77.0	16.987987940117854	-1.793246475454508	12.287145609504936
78.0	17.02625866135161	-1.0142568954503033	9.14496571399933
79.0	16.563417995944995	5.35999321968359	2.058599555826408
80.0	13.669802638306905	-1.182087062043622	7.886772487275542
81.0	18.555339375768508	8.478545520391027	5.55682000452801
82.0	17.59660262609076	8.783213998739573	5.89717129034574
83.0	13.140987573691715	-1.237882461044531	8.11302936538732
84.0	16.832589708965656	-3.0917762905560426	8.103095748934422
85.0	14.390093641149104	8.481201160060909	4.960402956871169
86.0	20.193715325021344	0.284125059380008	6.54644895735686
87.0	13.917420854034848	-2.5550945357030983	7.458149688301049
88.0	10.852683549390644	1.6758888572132955	2.3317728906647774
89.0	15.009570719400838	-3.319661505824646	8.904427319895506
90.0	6.934896650834752	-3.01758132316794	14.521253834314185
91.0	15.420992142396777	-2.580932548512809	14.649655662899733
92.0	6.7941555805482725	4.220095370821792	2.738556662089881
93.0	14.540846483711775	1.3783211739761265	5.6961597463936275
94.0	18.60477229253651	-0.5109413435051868	7.325450295129046
95.0	13.972832927123576	8.566682569917038	5.04809048687706
96.0	9.742732938201506	1.5977904844836432	3.743220501648833
97.0	17.47904106762455	-0.7252684643534195	6.680427888576728
98.0	17.5275125294735	1.4964858666925327	6.518058539561511
99.0	17.779096370875028	1.1272421741631131	6.2827651602539225
100.0	19.553535119964927	0.1754332809485213	6.039098129526069
101.0	17.97535249576559	-1.9029522827668033	6.163818369424481
102.0	14.641025020557034	4.9512794791916654	2.8259059429007967
103.0	14.010776921930725	-1.7949554061179231	11.751926178741078
104.0	13.557751066299662	-1.2990800377497442	9.275859246666748
105.0	10.355242162833028	-2.6150818290388544	8.103219075415762
106.0	16.3836729999639	0.8547191681251585	5.017868413382292
107.0	12.753159585208177	4.796704803795398	2.732589425091458
108.0	5.7459839652069675	-2.1643537014071774	11.10651234900555
109.0	13.918246032062369	7.475597893208455	1.930769338391179
110.0	12.745235634354735	-2.123579548845846	7.171849013176632
111.0	15.264856228834642	8.116859940178617	4.378423298535395
112.0	13.783715055548125	-4.008395460866582	11.293102199795289
113.0	14.454642569777988	4.966166384612308	2.711809239825544
114.0	13.080633310363007	1.2446664962675484	4.28487620266215
115.0	18.961654707664533	6.7542477466812905	1.7803240506372688
116.0	24.444394119069592	-0.015502980455630144	3.823924185116751
117.0	12.686686610932625	-1.5591786083275938	7.190839713680841
118.0	17.027934236082928	-1.9176180637006457	6.318946359665633
119.0	17.144272340349985	-1.227910840949868	10.127945322845811
120.0	16.131931105107945	-1.1041662982470788	9.260992597259829
121.0	18.78544704481484	-2.824961725082631	7.294962618468503
122.0	15.9678588199219	-2.30480074785138	13.875783630245168
123.0	20.881904140906997	-2.082447491344305	13.82210283948359
124.0	13.461990828232768	-1.2470492446177706	8.823883268714477
125.0	20.031420456959445	0.20995851854143588	4.871426418965806
126.0	3.7289735484324	-2.75719422060233	12.99212679746043
127.0	15.633704589525296	1.5457806304787187	1.5260954309727734
128.0	15.875325832192356	-2.16589827162142	13.40847841449005
129.0	13.09126619832426	1.5414532363648528	2.1774819377410344
130.0	17.831864003493962	0.7383747606411903	5.74995955606704
131.0	19.99569616237259	0.21672393045354355	6.447400564672543
132.0	21.07061839122865	1.2621021791049385	1.3416722633727562
133.0	17.64769126044863	8.759003607198391	5.869277548948451
134.0	15.938619965481248	7.255746523316585	1.9817476200463282
135.0	8.667575449097768	2.2507828730395776	5.241370652041482
136.0	16.81045755750425	5.342276344473291	2.2588004658581706
137.0	12.296786609951042	1.705717601176021	5.555429229576108
138.0	14.317015035967442	-2.9343212640476493	8.079238664949727
139.0	3.716115721907798	3.3896675645066576	3.82853177991875
140.0	13.920939406305518	-2.4809465617116033	7.352124855498501
141.0	2.7798263799066163	8.714050110993849	1.70169126487905
142.0	16.107924683527468	1.1710989125244495	2.7733884328924097
143.0	12.401907981751531	7.66239845934895	2.1469628962816802
144.0	4.9853486280080865	2.2600206183179443	4.107746678219353
145.0	12.305102375926888	-3.2166208599975716	9.009271160411885
146.0	18.04392111852097	5.687578130317895	1.435438903688062
147.0	4.0984886960440505	9.396084601500384	4.373570022719041
148.0	21.48797817578178	0.7970578559062407	6.999351462425617
149.0	13.41540748941516	1.7191064545409231	1.4470392503583869
150.0	13.305867190022006	7.877126022401155	3.357267973853107
151.0	16.116803855486413	7.590577386445554	3.264192932569651
152.0	16.58420398746135	-1.9469089285721441	12.76807053513231
153.0	11.460381421402602	-2.7269168609365986	14.502005667260208
154.0	18.28023859686513	5.267739252917327	2.994653641815267
155.0	14.92755326597354	-1.1411432701981439	8.94760426197809
156.0	14.79312456330444	8.874415648677509	5.652295360497795
157.0	14.99824946141506	-2.3163370088064106	13.772631373838966
158.0	16.393860162390272	7.314783292872743	2.4801374907408196
159.0	14.272117463670778	-3.4624214395947153	9.400872829490066
160.0	20.312611946628262	-0.4104299498915518	5.446990426305222
161.0	14.613539360951044	-1.8332640186096087	6.686390335488418
162.0	18.29060599991228	-1.3285349562750874	5.895590790218363
163.0	15.228818516527856	-2.7286689780862208	7.559823989105767
164.0	15.443885468909823	8.762628442430467	5.5809840839207485
165.0	12.980122331739038	7.637911249132621	2.3401582283152647
166.0	11.557063729336349	-2.3321053421207703	7.553966745064193
167.0	13.931677903244253	7.952479782973834	3.7212666116660866
168.0	12.628753291327044	1.4252400593651728	2.8823022869980965
169.0	16.32379154422358	-2.6059035004198874	7.206198794150305
170.0	21.851932779212	0.5368850023342651	7.080329781127759
171.0	10.867921503686313	-2.947160760139918	8.60495340148087
172.0	12.153188534197309	4.798632670624684	2.4890156778270596
173.0	14.313534645586564	-1.682984284663402	6.723141440269619
174.0	14.713177111549314	-1.1968812404899047	9.18808252969639
175.0	2.9628868640556796	3.6334540039280157	3.1171246382078674
176.0	19.024395232120053	1.3553687986587795	1.4397622864333433
177.0	20.339655914707954	9.400937951176546	6.920279089256259
178.0	14.45835993624127	-3.1784515498942834	8.614896347103919
179.0	14.102823985586568	-1.3439824461012932	6.97824389065845
180.0	16.894343977102313	-0.7734924264921599	7.464134496763903
181.0	12.667825047373924	1.6139971691423058	2.0120583054541683
182.0	14.292587382937757	4.6993141884130445	3.4755969285541823
183.0	14.413396341321457	8.119224006393463	4.226517785553263
184.0	16.091467868937503	-1.0034086532520732	8.691922474178764
185.0	13.765785070155953	9.088302770696998	5.787624234680049
186.0	11.572398838630843	-4.475662829114611	13.755424033138308
187.0	14.3793084297753	5.184332971768949	1.1026494882017304
188.0	12.386551134756608	7.965830835507244	3.378970855435351
189.0	14.335962619823844	-2.2534548996357278	7.018591218016617
190.0	12.520203525245226	-1.4368108793402898	9.665879834767555
191.0	17.172526523595295	0.9615074671448252	3.294004233804787
192.0	12.732968823871744	-1.6517207505098872	7.10795708032776
193.0	19.244664297810225	2.02300629790955	6.975088407352155
194.0	7.8192331884798705	-1.801411915173973	9.40480006495367
195.0	13.51699565929789	-1.3974819682415007	9.840685873588644
196.0	17.81528013049602	-3.2054109432252464	8.257824283941595
197.0	15.381037635506946	-4.409354573445198	12.657695471441091
198.0	13.706933593547593	1.18999065858924	4.660665290173425
199.0	17.555157383619978	6.970416890088488	1.5471316418614118
200.0	18.69543311465722	1.730537007856249	6.829947284060799
201.0	14.601682403636591	8.691082948126896	5.351032862084912
202.0	16.529736663542373	-2.092750261106009	6.53240139443192
203.0	14.593341812557302	1.126860967634025	3.6855554270419124
204.0	15.93696178217597	-4.690783168428678	13.829326292091892
205.0	16.72488377579051	7.103311535545556	1.63133199504773
