Iteration	Y	var_1	var_2
1.0	-0.8264332250729636	0.6964691855978616	0.42310646012446096
2.0	0.10679485099066421	0.28613933495037946	0.9807641983846155
3.0	-0.9444286486348383	0.2268514535642031	0.6848297385848633
4.0	-0.26519648454652966	0.5513147690828912	0.48093190148436094
5.0	-0.9651118491070887	0.7194689697855631	0.3921175181941505
6.0	-0.7345495069201953	0.8079382094836102	0.34956622802755977
7.0	-0.19799592727746274	0.10534464808296506	0.5693054450158272
8.0	-0.21421504860477092	0.10118195410518882	0.04513013659780696
9.0	-0.7125921629190738	0.24655973439900525	0.7962289176040044
10.0	-1.0914782044345277	0.32534109448074044	0.6417698128090947
11.0	0.6186156953004955	0.955999893090839	0.1573670978366749
12.0	-0.4079836490431017	0.6400732858306029	0.05164523701660173
13.0	-0.6327796740694727	0.7451852797274647	0.7424512207101792
14.0	-0.8078918530664428	0.4751902756938703	0.2361706392359384
15.0	0.9270434508567664	0.9186580295580017	0.8338912792252017
16.0	-1.0766400410316082	0.31727566054452416	0.4564732871729066
17.0	-0.5934504911285237	0.725742444705897	0.15765283007817577
18.0	-0.37308467628214703	0.48698319688045055	0.012708324657546122
19.0	-0.5170369659772084	0.17314742093508506	0.1545322025504806
20.0	-0.4367829435705477	0.7577607352067774	0.02728082577273816
21.0	0.039216621081018754	0.8244013754941887	0.5577576468478463
22.0	-0.8403033241680017	0.010285252001661527	0.38589827471869353
23.0	0.536927794480899	0.6505210096538208	0.9604784677216763
24.0	-0.9891448370032039	0.250074790929939	0.1782761802332028
25.0	-0.5116826987833849	0.6162237492029832	0.6380804661181059
26.0	-0.7352558252186983	0.1664480179511878	0.41769908681840395
27.0	-0.8787591513677271	0.23238553053741207	0.6385599356573
28.0	-0.9750132339028323	0.6021822120415542	0.29683285494091893
29.0	-1.0034549127618377	0.6946519967997733	0.23833084285372852
30.0	-0.37622042339611417	0.35232814608875485	0.8574873320413481
31.0	-0.8856274553674748	0.4981258738921339	0.27765480792204333
32.0	-0.6921604874912115	0.6898615172168495	0.449827515426082
33.0	-0.5855944502355006	0.04082521369495651	0.4214912878998812
34.0	-0.5679995289259916	0.1788075188157614	0.0024041285635241216
35.0	-1.366212222922131	0.3109826891223424	0.2273505979900774
36.0	0.35984809013472985	0.11960133832450803	0.8729233013915169
37.0	-1.243858534589204	0.41742697341804924	0.28648785331848325
38.0	-0.8588978311232878	0.6504602278304159	0.403306396485668
39.0	-0.7587701528399029	0.4193670064893593	0.642780805395182
40.0	-1.4314361913334306	0.37904831566313013	0.28998310466382415
41.0	-1.1062771046087105	0.2593485170449382	0.195015596112736
42.0	-0.8701679728610933	0.3320118676009963	0.09874839328369567
43.0	-1.155990284649881	0.6713655310941318	0.32672880668377535
44.0	-0.5293050948353218	0.4524164125571787	0.7649253134013905
45.0	-1.5516123075929755	0.33625585975392547	0.28472879069123613
46.0	-1.4876140021366062	0.30422450243072086	0.2562034760917863
47.0	-1.0078193863332505	0.2632394695699801	0.1719709011442161
48.0	-0.004450573817150416	0.8192106113040676	0.5632457175726485
49.0	-0.9795273552097287	0.24582176685827228	0.6547303756948332
50.0	-1.126521160761213	0.33062441410483645	0.658401268572656
51.0	-1.4142088034662703	0.38202804949328995	0.3377337404391789
52.0	-0.29460858686701363	0.5819021467931353	0.7790281008647546
53.0	-0.9445358454281266	0.32412863975650885	0.4905850690499284
54.0	-0.35010451194681413	0.8301481142544364	0.21819404634089246
55.0	-1.1530162607990107	0.7253677465254904	0.3291488323331968
56.0	-0.7947982917562043	0.1261824801361746	0.3747610416399775
57.0	-1.430297831321931	0.32848350993658226	0.3814826021551557
58.0	-1.5450154728541619	0.35160234601836016	0.3091518103540357
59.0	-0.9551300485292274	0.5993802938505881	0.2883646714523067
60.0	-0.9784761977617723	0.19373509948226797	0.39473743953379126
61.0	-0.9363190264105431	0.2626337749656099	0.6159924644597092
62.0	-0.7111477644630637	0.7864183246055341	0.2326313101086519
63.0	-0.9594697544196052	0.6167167635456025	0.35570621453697204
64.0	-1.1523420079254858	0.23336972475539253	0.22557518400670962
65.0	-1.1496168914797795	0.21791778469560463	0.38388016109056955
66.0	0.08685837460961188	0.7075839083315743	0.8727472666553783
67.0	-0.7813018862848674	0.08521765389604719	0.2593270937696025
68.0	-1.142426130261928	0.2794617833301112	0.6861930204866212
69.0	-0.8966993375070069	0.04263575220681559	0.28044525271929
70.0	-1.1616381058180194	0.6978259042521981	0.2860292865752866
71.0	-1.261851045201277	0.22453108914442377	0.36344105298971674
72.0	-1.5161218702246357	0.2636565296957726	0.31199130507026973
73.0	-1.3768698312323866	0.39006093030528954	0.3387106903093946
74.0	-1.3190139227732782	0.4072602591480394	0.3158423820272088
75.0	-0.5282832804843846	0.34508332687069343	0.8387593533681648
76.0	-0.6829094539360666	0.6640968560544168	0.4446179298521511
77.0	-1.2888204511878691	0.2238661530373388	0.35380215985806396
78.0	-0.6434112323832093	0.7173376458968039	0.16633008093329527
79.0	-1.0297466746798845	0.21023637523943095	0.2235355370164035
80.0	-0.569389664620406	0.46160896981261934	0.7444529408058663
81.0	-1.2851427437786787	0.29734107578861846	0.41244074101864403
82.0	-0.7922349520652365	0.7302011735737042	0.20176160672200105
83.0	-0.7814270756520816	0.7950636362060483	0.36202073189438844
84.0	-1.256161572949778	0.4197558407278208	0.30912089463827896
85.0	-1.0716970477914276	0.7422372418029628	0.2752195201230976
86.0	-1.5128740205194815	0.361557900652251	0.30415445636450766
87.0	-0.7806681126334452	0.3718450715660282	0.7894484438299993
88.0	-1.206132553956477	0.2809609509631753	0.42263717125094435
89.0	-1.256338388344902	0.3686809939098816	0.3977552836452045
90.0	-1.0216018639063418	0.2040999137461672	0.22830060701236987
91.0	-1.414657222229224	0.30226019889310485	0.38634208288410044
92.0	-0.7836849898775684	0.15720789571782512	0.4001118034936021
93.0	-0.8650638945940923	0.3330542851752001	0.09156493809443211
94.0	-0.7945810734082929	0.6630214477323465	0.42176767435618756
95.0	-1.5189349531330771	0.35443545078020755	0.33509397583185063
96.0	-0.9020552494444343	0.23570354785387482	0.7495854590475691
97.0	-0.6853793566728381	0.7955967630976473	0.23926628093423097
98.0	-1.3455305422857882	0.38932297689948203	0.35341075369720976
99.0	-1.0291276566680476	0.1636654141356464	0.33982872227658534
100.0	-0.9302908343577208	0.14558320098855626	0.3517649528869141
101.0	-0.5880007987825393	0.8333808638501699	0.3342565105304769
102.0	-1.5459412220186322	0.29582205236832915	0.34747964153635713
103.0	-1.0532768085384505	0.6777016380884966	0.25366436536293835
104.0	-1.33893077941091	0.34125598103692034	0.39712156386649256
105.0	-1.083632717710439	0.2172277910350503	0.22744603791429685
106.0	-0.7817894378502726	0.36963918837965526	0.10900583641580319
107.0	-1.0473417882133615	0.44100074790929966	0.25816332977719714
108.0	-1.1647724643121582	0.6800869834243575	0.29526197275177546
109.0	-0.9758500821280417	0.7517935915164136	0.25540648292220436
110.0	-1.1399099454110972	0.6620699601308753	0.3256923173033679
111.0	-1.3032763668761285	0.3816300850048787	0.2494851675834303
112.0	-1.1613272655522828	0.6736680233894771	0.3000472993451011
113.0	-1.0003643811252252	0.4733003232038965	0.29839971357507955
114.0	-0.9325290786490205	0.2802297181047513	0.5970620770968699
115.0	-1.3337758517717415	0.3274819716906293	0.22231734789054247
116.0	-1.1556548499787667	0.7024169449618015	0.28317589157891776
117.0	-0.9452587034006721	0.2560017276542952	0.6270152874843045
118.0	-0.48640859469064646	0.1536484972551443	0.45786315777210274
119.0	-0.6222046601460548	0.7695441374289389	0.1962166968729857
120.0	-0.9613653949129309	0.3081398661726731	0.1385803414743756
121.0	-0.6832361575618895	0.2738304249740142	0.8148309113515878
122.0	-1.0496779491843067	0.2991520982322665	0.461326508346142
123.0	-0.4644596993444885	0.7659902438469919	0.15887407897611627
124.0	-1.1302367723853972	0.6756793481621918	0.3457235489830086
125.0	-0.5511095392946197	0.8372942970653863	0.3392630197337767
126.0	-0.7221713500960427	0.44191748209159765	0.6808968571518971
127.0	-0.908038469945508	0.37307132041028845	0.0054174675260449945
128.0	-0.8961049233508569	0.32874084273544724	0.5091019444953615
129.0	-0.877479721824305	0.5565060402665825	0.29400377623913654
130.0	-0.8856276014855188	0.12656534556112597	0.2779665158135901
131.0	-0.9844871868703652	0.23637424380685979	0.6806097987180004
132.0	-1.325316799896975	0.224408564504339	0.2852731479052303
133.0	-0.4000108597926042	0.831815521988602	0.2309990388422456
134.0	-0.844342892868782	0.15815592911834642	0.38795882622163225
135.0	-0.9461933363763956	0.3055591153378414	0.58845054344062
136.0	-0.8791155719252812	0.6201696441407892	0.2443800070131148
137.0	-1.0698408160912052	0.3091020166329672	0.6319933935786017
138.0	-1.3812891630663786	0.24366210329309845	0.35318541116308877
139.0	-0.9164445176656114	0.12358858484490653	0.30084391558987833
140.0	-0.5647380632635253	0.1679368958858931	0.45372320396417865
141.0	-1.128925574659691	0.29367497852941427	0.6599477007433655
142.0	-0.3313167919986604	0.03441946997460754	0.02495313752542072
143.0	-0.6810894565084878	0.3339053850820427	0.8203998949990925
144.0	-0.6184263927521113	0.002379543746116153	0.6799032279034
145.0	-0.878617801356897	0.2976957010756507	0.5531003629572668
146.0	-0.8904572717004722	0.2875073189057661	0.11973856989008369
147.0	-0.5245296489006799	0.8416979382676457	0.33643777833987676
148.0	-0.9697175167043801	0.7676022579120149	0.35029101796145956
149.0	-0.9034146950894041	0.32680020279977695	0.1186292313389562
150.0	-0.8826280100467946	0.24177533807153107	0.16233615249322986
151.0	-0.6656366964008833	0.3939415436061481	0.07891245577741623
152.0	-0.6958990698971612	0.12270803673414254	0.3955083553530727
153.0	-1.352050904157911	0.398259933732412	0.29487726630774047
154.0	-1.5782703725206706	0.29807478061962345	0.29280476330474936
155.0	-0.8769890389817737	0.5326975689418804	0.3024832032488656
156.0	-1.1637946034753417	0.30508539307722804	0.18719913293704393
157.0	-1.0986940415194388	0.7163665879961123	0.35958683204990927
158.0	-0.5462926823868233	0.04213511637033229	0.4286657872915569
159.0	-1.0446837086775074	0.2491332177669381	0.7115557536094271
160.0	-0.7249454910260411	0.7119149574230038	0.18263200544876335
161.0	-1.1827097298846974	0.6879388091077081	0.31542586551575724
162.0	-0.6045898138964291	0.20077884841953164	0.48374269319170726
163.0	-0.9446629970724568	0.035908962332080296	0.3240320728918664
164.0	-0.8423423115736617	0.40025624815599037	0.6384958894494099
165.0	-1.5823052090789045	0.31326956910099946	0.3345478458991251
166.0	-1.2693497391806061	0.32025506557731676	0.20820095993875054
167.0	-1.3552810572948455	0.28269056038529494	0.3931846090756379
168.0	-0.7827535649300944	0.38762622161302174	0.1410557763389938
169.0	-1.1530199155229988	0.28900496118402774	0.6780100883100422
170.0	-0.8063697692981248	0.32343067032316775	0.8038862425880081
171.0	-1.2703688128784507	0.23097364270300447	0.36965543498539355
172.0	-1.4616060147625787	0.37419926694996886	0.2977924419914735
173.0	-1.5372847811361294	0.3461105542209858	0.2878131666635253
174.0	-1.334699082217223	0.39688316103224075	0.2812268990064124
175.0	-0.9520939106377541	0.020693638233382883	0.3449124100385135
176.0	-0.8397164923672691	0.2777825871791719	0.5278062571638688
177.0	-0.9180382648706544	0.3986278856217168	0.7287559695237469
178.0	-0.9034150643419946	0.57637376733073	0.2905336679664434
179.0	-0.8529836615056045	0.40848598960992877	0.6589321236340329
180.0	-0.70836370488464	0.2268380626994907	0.5870282008209576
181.0	-0.7423314827225903	0.1363872778598313	0.39325911193809604
182.0	-0.6992860059232769	0.2378413056178651	0.7923408576092084
183.0	-0.8902021217791808	0.6191079642949071	0.247802890042929
184.0	-1.1499383218099157	0.35125484674840457	0.19476732123454776
185.0	-0.7276067726246979	0.14800380767059795	0.4043743589120333
186.0	-0.6377230463849661	0.7435729102471412	0.17784906868742045
187.0	-0.8814810404932893	0.3115018837916971	0.545459893358936
188.0	-0.6081150806659131	0.32823469309868536	0.8317192741733186
189.0	-0.7509805731861201	0.18310300669095148	0.4298993727154726
190.0	-1.4400594557125619	0.37665949374279784	0.28926441970400474
191.0	-1.2635368254928971	0.2612387592696801	0.225105904586681
192.0	-1.5161312706288426	0.33315910950397254	0.3564106402637026
193.0	-1.3696005439944812	0.36767578226726305	0.3726965420672501
194.0	-0.8778108023059797	0.3544288031001722	0.4938486215127549
195.0	-1.4776585115845522	0.2932374076898512	0.25649005202761666
196.0	-0.8829250596218159	0.05463808120319513	0.28533559312576184
197.0	-0.8758224055187929	0.07335395800802624	0.2963036146696293
198.0	-1.1585373113531099	0.698588610863092	0.2844139046798996
199.0	-1.1528148991574005	0.32723346887715943	0.7266231626522012
200.0	-1.0611223893087542	0.6508303369733918	0.27152671074012513
201.0	-0.8215574355887844	0.4973792311945412	0.25630350905334986
202.0	-1.0435320293484822	0.6320292043000285	0.33972930430903425
203.0	-0.49119485873818913	0.7335601745415944	0.13310266487370004
204.0	-0.3836366087055533	0.8109590658577736	0.19810063662234956
205.0	-0.999064561743237	0.7339190151254632	0.24706788758353082
