Iteration	Y	var_1
1.0	-75.68566960016686	69.64691855978616
2.0	146.81370049778462	28.613933495037948
3.0	-115.55371710006308	22.68514535642031
4.0	106.24669109983425	55.13147690828912
5.0	-166.34485011509327	71.94689697855631
6.0	-132.30452002268822	73.1073035844557
7.0	-44.649359476206165	8.438843423226562
8.0	-42.364755397484316	44.18792714658586
9.0	-9.282180821466552	99.4093390002277
10.0	7.649304800489758	1.6948314590105373
11.0	-46.299973367351704	86.57785803181055
12.0	-51.99316538995399	61.953791327190764
13.0	-31.209254923497443	94.87578065608837
14.0	-43.988584197775566	11.018792250589337
15.0	66.94909900808757	89.17005748731019
16.0	-171.67073376692466	34.410741287654886
17.0	59.23740657173093	50.599081600827276
18.0	175.50181161647143	66.1969875872542
19.0	-24.53339731470524	19.201881474776894
20.0	-182.31185640835318	47.67289547763143
21.0	19.483196288545177	4.7437327617864895
22.0	-112.55210784356748	36.126629083364456
23.0	-105.30759635954774	32.617791601957805
24.0	120.4957399346712	79.1576766925783
25.0	6.20622407485295	93.56180383897322
26.0	87.7278567272744	16.37440508734005
27.0	-42.78312478492787	97.33446946658671
28.0	157.72947487979138	41.80238586011682
29.0	-108.1744033724682	83.52894733045673
30.0	58.04858663117625	75.77607352067774
31.0	95.80811023261985	63.55872800377801
32.0	-172.82734454550302	58.383855748883015
33.0	-92.65514520207552	23.408893851290514
34.0	-192.33374776404176	59.713558930880374
35.0	-152.7117475453892	70.9796346362983
36.0	-195.59571152998208	59.3669731928383
37.0	-197.2899542876525	46.92165249448244
38.0	-178.9931332810418	60.17545463321048
39.0	-164.83004448942063	33.88094812919308
40.0	-186.81097460829724	59.9481137798776
41.0	-160.12428157534774	48.1314518217937
42.0	-197.2526942211041	46.84753460873331
43.0	-171.67960873850797	34.41714215020137
44.0	-195.22248217746807	59.47365018618997
45.0	-164.01073082792965	72.16214741369112
46.0	-145.07336717740534	48.37027160895339
47.0	-155.7123933270879	72.52803953913372
48.0	-164.37442972727976	48.05651021914057
49.0	-165.98105782231917	60.45963936781147
50.0	-173.43128219994324	45.90583809662255
51.0	-169.715019343955	34.143494512504944
52.0	-190.87878830132357	46.38588410676423
53.0	-189.75726097393866	46.34298570357262
54.0	-161.05391790333138	72.32149811055353
55.0	-162.5171038071537	72.24952345546343
56.0	-197.30103298753357	46.911576663821485
57.0	-196.34706720669425	47.09065891162577
58.0	-194.09906702444792	59.596250889910905
59.0	-196.07791204506754	46.67269558952022
60.0	-195.51205930041058	59.41031732374724
61.0	-160.50436060972172	33.72242591188932
62.0	-193.43189892594154	46.50011921081993
63.0	-195.59123312821913	59.327874136408695
64.0	-185.24200530083127	58.70142113118544
65.0	-188.17349195351005	58.801332490938904
66.0	-195.55667334508624	59.39299076652759
67.0	-164.78078944363438	45.73566424643706
68.0	-173.72399757672534	45.91205741540681
69.0	-170.8799953529438	34.25188809340054
70.0	-170.13070080331434	34.17715235543859
71.0	-189.8117416726028	46.34499428965064
72.0	-171.43796631660766	45.86439444243713
73.0	-147.27996921447183	33.36778610838431
74.0	-195.57850087319179	59.38121476195529
75.0	-190.0972191289644	46.35563805321452
76.0	-187.7578416906495	46.27362072572551
77.0	-193.02627898271277	59.672609105597104
78.0	-194.61354152111662	46.565906474361185
79.0	-145.43927889546683	60.80921923510495
80.0	-194.20413790969283	46.54174014259419
81.0	-195.57362348318622	59.384196871777526
82.0	-113.84545034498753	84.49333167281003
83.0	-195.53671488746863	59.29801039281419
84.0	-197.308162183094	46.89598932352206
85.0	-162.886639433885	45.701290735760956
86.0	-190.62900780395785	59.79891454150249
87.0	-172.61862323982749	58.37935827350631
88.0	-118.25883539296153	32.82007091924246
89.0	-192.2808396046875	59.716501787694796
90.0	-166.54096416244278	71.68166522535556
91.0	-164.6715182883781	71.47864382033853
92.0	-165.20003344562815	34.9913753377666
93.0	-181.0326775735446	60.122307368127295
94.0	-195.60351945971604	47.155746315896586
95.0	-135.82865518390642	48.502265069945075
96.0	-200.0	45.38382609223294
97.0	110.58796422285594	38.78564380656696
98.0	75.79543449960414	26.127301036928586
99.0	-52.17231444157775	82.10273588137136
100.0	2.155644994830195	12.558292231345957
101.0	81.81819135585239	90.66772138576941
102.0	-19.84843249853941	7.206807389051129
103.0	-111.99048293790314	21.198631455802364
104.0	35.213602726833386	30.807502651059202
105.0	-24.096021771074415	98.57356277540119
106.0	6.257791860462271	81.15412865987788
107.0	-55.823680560305974	10.08744930936084
108.0	4.272948037884776	68.70181658355105
109.0	161.37143213243368	51.868004023255345
110.0	-6.675070314686239	24.902243035414806
111.0	-29.557344651423534	74.62327313979048
112.0	44.76613692621831	92.41829895069287
113.0	13.902859004057953	2.4565939475367227
114.0	-16.3811891693254	12.034474079205781
115.0	128.21526338533647	77.09859125001451
116.0	35.81140716008	88.2712153689211
117.0	-47.95315548712578	96.33150937201829
118.0	1.4216651329799619	0.6936191130346603
119.0	41.401781062192995	17.92216512003617
120.0	-98.37983027292822	85.2992082848322
121.0	9.87411019467764	5.660184364883348
122.0	44.36781239439178	13.673545990835878
123.0	-112.42345253444414	44.97168873071664
124.0	182.22953357068948	40.183795901365
125.0	103.7225152004501	42.611343417915414
126.0	48.12178409170833	80.51237068970221
127.0	89.96520105485624	15.561033042462514
128.0	-43.01355672663725	31.781007455400168
129.0	-41.381007317942554	37.03651114641311
130.0	123.18810303235128	29.413213538505378
131.0	139.67689969388212	27.49841340945548
132.0	199.61931075483443	53.23608564185033
133.0	144.22080038352303	66.91901953190717
134.0	-98.72885699679286	20.7575829011165
135.0	-56.348026620829295	9.565110148071842
136.0	-122.2862605133301	22.10988619840214
137.0	1.4846374311435484	56.23513153416513
138.0	-44.34091719043673	95.69381146773758
139.0	181.30614992392293	65.21010711461103
140.0	-132.13851655518104	48.552628550839
141.0	20.1439900562837	3.394156545004978
142.0	-71.46391688478977	82.4744147266927
143.0	-86.484836648645	73.86238515093744
144.0	23.314176378559516	37.75680797326545
145.0	-77.48134353343706	23.73746775810033
146.0	-78.1591463018667	36.595881172692714
147.0	-184.48679000832018	60.02337078820935
148.0	-76.15217379812407	57.035243473518236
149.0	-63.193140519287375	19.935323192786992
150.0	-153.25739117684694	33.51271123452474
151.0	-154.91211285296095	58.04900863767659
152.0	-160.6588277474951	33.72751242896859
153.0	-117.87454279454698	22.561996548223217
154.0	-100.0	35.36129394991605
155.0	-106.33366722410375	83.44327536120235
156.0	-69.32384789694044	86.08317907762573
157.0	-161.1523354408681	71.2800081120472
158.0	-188.79072270450274	58.82472176732744
159.0	-200.0	45.01699180183465
160.0	-196.27333488292422	47.09804247529483
161.0	-170.5138062695334	34.67843583421381
162.0	-186.61417097074832	47.55073958040678
163.0	-137.2738180210051	48.48220619745429
164.0	-197.21100139456567	46.83230314409248
165.0	-160.92875495043526	60.55362081711978
166.0	-178.99023074641403	47.75592055913718
167.0	-189.21459804016132	47.464857205722964
168.0	-187.4717454195058	46.26429896692383
169.0	-183.54301270052466	47.63990284185245
170.0	-194.38406464407385	59.571629696989625
171.0	-194.92717021813584	59.51490487728759
172.0	-192.6548744834477	46.46220968441711
173.0	-194.70921746513847	46.57181167718848
174.0	-189.17286134574078	58.83972836688118
175.0	-170.0569378254967	45.83654296320433
176.0	-168.91849805204075	45.814069178885084
177.0	-155.61738361143063	33.57585194149924
178.0	-100.0	35.35142896632048
179.0	-194.46715374628263	59.5639226901644
180.0	-170.81122508659038	34.24388251548799
181.0	-190.4627440710764	58.893945155868145
182.0	-196.859979308708	46.7607413367232
183.0	-191.28350703398507	46.40225684121189
184.0	-161.03945605643705	33.74019372641956
185.0	-194.21231000114437	59.112928174733106
186.0	-132.5954362270599	33.068326104251135
187.0	-181.79690038601368	60.10148420554005
188.0	-138.902482381776	60.906655310384416
189.0	-179.48260654096325	46.04278093471238
190.0	-151.6798974503398	60.71106467958223
191.0	-191.1923302298277	59.772587463350604
192.0	-178.9311403588871	58.52535957074788
193.0	-196.65257129093203	47.056524411401746
194.0	-194.49956793203228	59.1388110654548
195.0	-200.0	45.40339776325811
196.0	-123.7552316744198	32.911584865101936
197.0	-185.59602445140638	58.71267710704602
198.0	-168.00060731676106	45.796248699788
199.0	-195.57530835676494	59.31627098597596
200.0	-200.0	45.273565415511165
201.0	-196.94351404568783	47.01537014886921
202.0	-166.80928459531683	71.8213469087212
203.0	-192.7525143099615	46.46679186967392
204.0	-138.15130537640874	60.91754729610381
205.0	-184.57819902108628	46.176540009694044
