Iteration	Y	var_1
1.0	-95.84147595667915	85.38325181216236
2.0	-188.9003128513051	47.47589160851759
3.0	9.329873125652245	1.9034932453283249
4.0	-67.36697693314068	74.12868025164833
5.0	-48.44134535340495	10.774792537662403
6.0	-119.92069817596284	22.42298624909882
7.0	90.39464921602637	15.632664809063112
8.0	-27.367742091738453	56.525248672854524
9.0	159.95731345602508	64.54555800998475
10.0	186.62223493375282	53.851576022358074
11.0	55.0246702257225	80.40345334588162
12.0	-45.19796850857341	10.957329838523911
13.0	-1.2947325204427298	24.981094114509673
14.0	67.87069721820718	30.366819753369757
15.0	52.98239996035615	55.7138278842806
16.0	-128.6806497070394	48.59878693548839
17.0	-25.04040568025803	7.445111954723238
18.0	-29.49522540024084	31.613122603120246
19.0	-79.99939775175034	61.646364047429955
20.0	21.287332114366027	3.721004578408593
21.0	-117.34125162034456	48.74411719748027
22.0	-183.2046649835032	47.649107013479345
23.0	80.15683338216574	90.86614423892091
24.0	-158.4226549122971	71.16739039822872
25.0	-2.015807190520628	99.86181420600889
26.0	-112.1284416021105	21.204288649447168
27.0	-129.41835153216627	35.85621033952344
28.0	96.12788860575608	38.598940543428206
29.0	30.71626320292232	88.15243623324871
30.0	139.06271425031997	77.52368414035723
31.0	-131.43563084636185	57.69916817491737
32.0	-0.0012365742829296643	93.75003806021857
33.0	-162.95700610675422	72.22560126243933
34.0	-39.42986870293908	95.31542748997508
35.0	-193.6472243350625	59.06886874614477
36.0	57.24436760955447	17.54397326622993
37.0	-171.6882655055601	34.42522686666758
38.0	-100.0	35.00417604210675
39.0	-64.14676096725422	82.32707567200599
40.0	-193.11963565023942	59.666689448023924
41.0	-77.8658125185752	69.67523960203789
42.0	-186.42649735675647	46.23131371452551
43.0	-70.60501582547178	44.48926022024588
44.0	-179.7121535232996	58.54514589403708
45.0	-63.35150220606058	19.938515092084984
46.0	-53.10198775084891	9.06811924733757
47.0	-152.25800934468944	45.52224553186228
48.0	-164.98892832442658	72.09151980165343
49.0	-122.37048992034238	21.989373377760135
50.0	-35.32960037209923	86.79933411694296
51.0	-22.460575265199537	98.66525937044453
52.0	43.331248128818594	13.645123643065615
53.0	-109.37190902353358	84.83472350086362
54.0	-155.14465124494834	71.05397927842422
55.0	-100.0	35.07173333823549
56.0	-171.0117173926685	58.345356112643344
57.0	100.57221064101822	67.56714586735613
58.0	-166.73606263863175	71.86044945302419
59.0	43.71695862688745	75.57483591417513
60.0	-186.82233857526455	46.243616504369086
61.0	73.9983929321735	50.75491665456564
62.0	-159.60254488872252	60.577248315352605
63.0	143.39526598091587	27.65286379193069
64.0	13.117069619892646	5.420178040037282
65.0	-196.2982553206401	46.69357650293967
66.0	17.423869491346526	2.922787836633778
67.0	-182.30084373778607	58.61432798888564
68.0	-79.56509317749996	36.578087486823065
69.0	-131.43959161175417	33.04704809549265
70.0	8.219230164779274	12.719988802219229
71.0	121.93338265993467	42.37327843816369
72.0	-172.9189499411219	45.8950373630745
73.0	-46.084027645996564	95.89145001312997
74.0	-138.2357257599097	70.62754025781634
75.0	-173.86273548694066	45.91501773452132
76.0	-186.65872159646446	46.2385044348137
77.0	-152.53702582055152	58.01021258618705
78.0	-179.64163696937433	58.543340520393315
79.0	-151.77866275470717	57.9980252827221
80.0	-129.52883796282921	48.58755238957156
81.0	6.43237768172357	62.567118487172834
82.0	-82.83794904283677	82.72602175945957
83.0	-177.44138466647195	60.2138361279654
84.0	-149.94622397977403	48.29671138687311
85.0	-142.85505715601087	48.40278276840683
86.0	-94.0354555719446	83.01657014363565
87.0	-171.54343375331538	47.919211712319274
88.0	-200.0	45.394186455144116
89.0	81.29876564462137	90.00077462065192
90.0	-38.68833731211855	8.105987729731911
91.0	34.3486204108863	37.87894695405052
92.0	-113.7540782623258	83.91319785257247
93.0	71.37412747105029	14.50779918634889
94.0	131.93984256239236	39.086804885573386
95.0	119.70403634193686	29.490503410551185
96.0	161.33716989567304	66.58358551390972
97.0	126.07248720403581	51.35756637163227
98.0	62.948879512794235	89.02553070046433
99.0	184.64498743163017	40.304799378027234
100.0	29.437610036596602	25.4270634055496
101.0	-10.627366727542586	12.203605795465734
102.0	3.7718610433015396	75.04828215372783
103.0	5.584334677110853	1.4211280141652072
104.0	-11.315547195655814	6.812076465326921
105.0	45.729116551888644	68.23236658340753
106.0	65.1478229067036	91.70614597725003
107.0	-8.955684952556956	99.42860012939373
108.0	-87.1818018816999	20.457984197014646
109.0	-171.60734719320115	34.509958369682835
110.0	-169.55248165512967	34.13130043380648
111.0	-103.8982084851662	23.112093078515137
112.0	-170.57161459834498	58.336226798472765
113.0	-107.86499081816885	22.98755577998537
114.0	-166.8740187180514	45.774721551925424
115.0	0.6723290771126654	0.4744054003117615
116.0	-94.01800396873016	57.23506819950314
117.0	-126.84040026095659	70.40748440491006
118.0	-100.0	35.222962975110406
119.0	-127.74861318787823	32.98075977518046
120.0	-169.5638202735099	34.75816325018008
121.0	-111.2315676947383	84.72013152106317
122.0	-174.74402075648507	47.8521989940246
123.0	-176.7820710797727	58.473095626668936
124.0	-175.50171079833112	47.8356925827681
125.0	-164.95060947080268	71.50000015596939
126.0	-78.6657565396859	61.661396159927406
127.0	-166.821714725326	71.79220918491241
128.0	-164.57160501679266	72.12349384007648
129.0	-181.07491896067344	60.12117026162803
130.0	-144.1013515778625	72.85132313904589
131.0	-159.60426382538617	71.21351082642849
132.0	-165.1376376780111	71.51521516763522
133.0	-139.14379129244116	48.455952662811505
134.0	-154.61274183162737	48.22311935388177
135.0	-132.4317584542892	57.71277860564089
136.0	-118.868242998633	48.72503114870258
137.0	-89.85064209870468	36.44494048622688
138.0	-117.7997290665085	73.37442626224302
139.0	-135.24560191012654	73.0476708786357
140.0	-145.07343048665476	60.81480744611459
141.0	-165.86324833367394	45.75571445434866
142.0	-167.31001704573544	48.002143817120036
143.0	-144.31214027869532	33.301905586529834
144.0	-118.14189822740697	57.52491955424105
145.0	-106.54931372496308	83.45281740981119
146.0	-113.74134373969608	84.50557557181986
147.0	-174.38570436147413	45.92625070875379
148.0	-128.52899983954833	32.994575491978814
149.0	-176.02351586500964	47.8241670942031
150.0	-167.55816887416105	60.428835311374215
151.0	-158.58355959505397	71.17347409815848
152.0	-171.64112558062115	34.39491511891526
153.0	-128.201923318498	57.65556206320051
154.0	-186.79896001509104	46.24288370488788
155.0	-126.26389340084869	73.22332901676002
156.0	-129.51722707219884	70.45632074082785
157.0	-100.0	35.06418363519099
158.0	-141.1938801739847	33.23604771453715
159.0	-146.53302911870236	48.34855797033968
160.0	-108.70010486878653	57.40808498502963
161.0	-136.3838128233396	60.94294936323412
162.0	-166.7987849969871	71.76354337281076
163.0	-92.70479870651968	82.97881823300177
164.0	-174.22345777982824	45.922753099363575
165.0	-140.23443871872254	60.88719560949216
166.0	-130.9256166328032	73.13450387233394
167.0	-62.043351268623965	69.47441319597105
168.0	-164.98923062145016	71.5030775482837
169.0	-156.46149599959537	72.50255747594395
170.0	-146.61796589946422	35.52445018299113
171.0	-200.0	45.09934512595145
172.0	-169.4762097665986	34.764515148817885
173.0	-144.38241527886672	70.76328830007458
174.0	-166.09630768939354	71.98198088625274
175.0	-166.08459675247397	60.45764037862771
176.0	-100.0	35.2014910786363
177.0	-119.39230586074186	70.27867546958456
178.0	-200.0	45.2629445773681
179.0	-173.24702281058916	47.884062080715594
180.0	-176.69551394288123	60.23173065320698
181.0	-170.96611051253572	60.35942330663451
182.0	-84.0030559711324	73.89792335781907
183.0	-141.21638106244973	33.236511930104015
184.0	-176.08830407099714	60.24605368328293
185.0	-145.71148462788844	33.332545067752385
186.0	-193.77694639362235	47.270665506091724
187.0	-47.77959310524683	86.54750408237517
188.0	-34.64611837127476	37.11345675560081
189.0	-30.022285734121898	11.592606997850407
190.0	-175.48237823811965	45.950202287450225
191.0	-47.95790890600411	96.4977983781766
192.0	-161.98478454764606	72.27692053531696
193.0	-193.80532817259635	47.269147713515224
194.0	-20.100542747972003	94.4201009056366
195.0	7.1774731278923305	5.837252930786995
196.0	-80.30576885838326	49.17399266503103
197.0	-165.10449453336184	48.04320419818225
198.0	-166.5066293111302	71.67484616677007
199.0	-28.766240829486364	44.04637422983599
200.0	-59.2034453879902	56.85351370273533
201.0	71.76423071207634	17.121182806762558
202.0	-35.468651112437065	49.64411758393265
203.0	-171.80389768173978	58.36198389466291
204.0	-67.82576266551784	86.11728983358357
205.0	-41.66817145010743	81.91840120421526
206.0	-5.582036187078026	87.38818246540585
207.0	-54.826754387639234	24.151694950627288
208.0	30.752718784089364	92.84188292172524
209.0	-33.58391837371759	98.01444355412664
210.0	-109.87805777769847	57.42239592450085
211.0	21.125150964727816	4.391896545740337
212.0	-168.8183100423486	34.081201094218805
213.0	123.11434787112663	54.92616117812042
214.0	-167.0899092002028	48.006302501109666
215.0	-46.33326975023488	8.543248885682663
216.0	6.481623635964111	81.15070861985612
217.0	-14.74986156713914	19.02245368890879
218.0	103.468300179873	63.65508576643569
219.0	87.65922213753343	26.323319498293817
220.0	90.13540392880151	79.80788282337181
